2017-03-24-6-06-10p.m.,1490349970621,1490349966050,2017-03-24-6-06-06p.m.,network,1.2949988,103.7738601,22.124,-1.0,-1.0,-1.0
2017-03-24-6-06-55p.m.,1490350015754,1490350010753,2017-03-24-6-06-50p.m.,network,1.2948883,103.7739958,500.0,-1.0,-1.0,-1.0
2017-03-24-6-07-15p.m.,1490350035786,1490350030782,2017-03-24-6-07-10p.m.,network,1.2948883,103.7739958,500.0,-1.0,-1.0,-1.0
2017-03-24-6-07-31p.m.,1490350051539,1490350043432,2017-03-24-6-07-23p.m.,network,1.2949988,103.7738601,22.113,-1.0,-1.0,-1.0
2017-03-24-6-07-50p.m.,1490350070841,1490350069436,2017-03-24-6-07-49p.m.,network,1.2949988,103.7738601,22.128,-1.0,-1.0,-1.0
2017-03-24-6-08-12p.m.,1490350092333,1490350081428,2017-03-24-6-08-01p.m.,network,1.2949988,103.7738601,22.126,-1.0,-1.0,-1.0
2017-03-24-6-08-32p.m.,1490350112214,1490350107491,2017-03-24-6-08-27p.m.,network,1.295072,103.7738601,22.708,-1.0,-1.0,-1.0
2017-03-24-6-09-04p.m.,1490350144717,1490350142149,2017-03-24-6-09-02p.m.,network,1.2949988,103.7738601,22.104,-1.0,-1.0,-1.0
2017-03-24-6-09-24p.m.,1490350164898,1490350162141,2017-03-24-6-09-22p.m.,network,1.2949988,103.7738601,22.816,-1.0,-1.0,-1.0
2017-03-24-6-09-44p.m.,1490350184973,1490350182174,2017-03-24-6-09-42p.m.,network,1.2949988,103.7738601,22.106,-1.0,-1.0,-1.0
2017-03-24-6-10-04p.m.,1490350204959,1490350202189,2017-03-24-6-10-02p.m.,network,1.2949988,103.7738601,22.112,-1.0,-1.0,-1.0
2017-03-24-6-10-25p.m.,1490350225026,1490350222212,2017-03-24-6-10-22p.m.,network,1.2949988,103.7738601,22.113,-1.0,-1.0,-1.0
2017-03-24-6-10-46p.m.,1490350246074,1490350242155,2017-03-24-6-10-42p.m.,network,1.295072,103.7738601,22.708,-1.0,-1.0,-1.0
2017-03-24-6-11-06p.m.,1490350266095,1490350262191,2017-03-24-6-11-02p.m.,network,1.2949988,103.7738601,22.107,-1.0,-1.0,-1.0
2017-03-24-6-11-26p.m.,1490350286122,1490350282239,2017-03-24-6-11-22p.m.,network,1.2949988,103.7738601,22.103,-1.0,-1.0,-1.0
2017-03-24-6-11-46p.m.,1490350306050,1490350302452,2017-03-24-6-11-42p.m.,network,1.2949988,103.7738601,22.099,-1.0,-1.0,-1.0
2017-03-24-6-12-06p.m.,1490350326223,1490350322408,2017-03-24-6-12-02p.m.,network,1.2949988,103.7738601,22.114,-1.0,-1.0,-1.0
2017-03-24-6-12-26p.m.,1490350346174,1490350342319,2017-03-24-6-12-22p.m.,network,1.2949988,103.7738601,22.108,-1.0,-1.0,-1.0
2017-03-24-6-12-47p.m.,1490350367260,1490350362360,2017-03-24-6-12-42p.m.,network,1.2949988,103.7738601,22.108,-1.0,-1.0,-1.0
2017-03-24-6-13-07p.m.,1490350387282,1490350382416,2017-03-24-6-13-02p.m.,network,1.2949988,103.7738601,22.124,-1.0,-1.0,-1.0
2017-03-24-6-13-27p.m.,1490350407314,1490350402442,2017-03-24-6-13-22p.m.,network,1.2949988,103.7738601,22.103,-1.0,-1.0,-1.0
2017-03-24-6-13-47p.m.,1490350427319,1490350422492,2017-03-24-6-13-42p.m.,network,1.2949988,103.7738601,22.104,-1.0,-1.0,-1.0
2017-03-24-6-14-07p.m.,1490350447328,1490350442500,2017-03-24-6-14-02p.m.,network,1.2949988,103.7738601,22.104,-1.0,-1.0,-1.0
2017-03-24-6-14-27p.m.,1490350467336,1490350462548,2017-03-24-6-14-22p.m.,network,1.2949988,103.7738601,22.104,-1.0,-1.0,-1.0
2017-03-24-6-14-48p.m.,1490350488425,1490350482580,2017-03-24-6-14-42p.m.,network,1.2949988,103.7738601,22.106,-1.0,-1.0,-1.0
2017-03-24-6-15-08p.m.,1490350508420,1490350502620,2017-03-24-6-15-02p.m.,network,1.2949988,103.7738601,22.11,-1.0,-1.0,-1.0
2017-03-24-6-15-28p.m.,1490350528412,1490350522639,2017-03-24-6-15-22p.m.,network,1.2949988,103.7738601,22.113,-1.0,-1.0,-1.0
2017-03-24-6-15-48p.m.,1490350548504,1490350542687,2017-03-24-6-15-42p.m.,network,1.2949988,103.7738601,22.101,-1.0,-1.0,-1.0
2017-03-24-6-16-08p.m.,1490350568478,1490350562718,2017-03-24-6-16-02p.m.,network,1.2949988,103.7738601,22.105,-1.0,-1.0,-1.0
2017-03-24-6-16-28p.m.,1490350588506,1490350582734,2017-03-24-6-16-22p.m.,network,1.2949988,103.7738601,22.104,-1.0,-1.0,-1.0
2017-03-24-6-16-52p.m.,1490350612501,1490350602845,2017-03-24-6-16-42p.m.,network,1.2949988,103.7738601,22.103,-1.0,-1.0,-1.0
2017-03-24-6-17-11p.m.,1490350631878,1490350622851,2017-03-24-6-17-02p.m.,network,1.2949988,103.7738601,22.114,-1.0,-1.0,-1.0
2017-03-24-6-17-31p.m.,1490350651348,1490350642897,2017-03-24-6-17-22p.m.,network,1.2949988,103.7738601,22.104,-1.0,-1.0,-1.0
2017-03-24-6-17-51p.m.,1490350671535,1490350662941,2017-03-24-6-17-42p.m.,network,1.2949988,103.7738601,22.103,-1.0,-1.0,-1.0
2017-03-24-6-18-11p.m.,1490350691486,1490350683022,2017-03-24-6-18-03p.m.,network,1.2949988,103.7738601,22.119,-1.0,-1.0,-1.0
2017-03-24-6-18-31p.m.,1490350711456,1490350703063,2017-03-24-6-18-23p.m.,network,1.2949988,103.7738601,22.11,-1.0,-1.0,-1.0
2017-03-24-6-18-51p.m.,1490350731816,1490350723020,2017-03-24-6-18-43p.m.,network,1.2949988,103.7738601,22.112,-1.0,-1.0,-1.0
2017-03-24-6-19-11p.m.,1490350751504,1490350743029,2017-03-24-6-19-03p.m.,network,1.2949988,103.7738601,22.109,-1.0,-1.0,-1.0
2017-03-24-6-19-31p.m.,1490350771508,1490350763154,2017-03-24-6-19-23p.m.,network,1.2949988,103.7738601,22.108,-1.0,-1.0,-1.0
2017-03-24-6-19-51p.m.,1490350791525,1490350783121,2017-03-24-6-19-43p.m.,network,1.2949988,103.7738601,22.107,-1.0,-1.0,-1.0
2017-03-24-6-20-11p.m.,1490350811657,1490350803202,2017-03-24-6-20-03p.m.,network,1.2949988,103.7738601,22.821,-1.0,-1.0,-1.0
2017-03-24-6-20-31p.m.,1490350831622,1490350823213,2017-03-24-6-20-23p.m.,network,1.2949988,103.7738601,22.12,-1.0,-1.0,-1.0
2017-03-24-6-20-51p.m.,1490350851646,1490350843283,2017-03-24-6-20-43p.m.,network,1.2949988,103.7738601,22.108,-1.0,-1.0,-1.0
2017-03-24-6-21-11p.m.,1490350871676,1490350863325,2017-03-24-6-21-03p.m.,network,1.2949988,103.7738601,22.101,-1.0,-1.0,-1.0
2017-03-24-6-21-31p.m.,1490350891806,1490350883373,2017-03-24-6-21-23p.m.,network,1.2949988,103.7738601,22.107,-1.0,-1.0,-1.0
2017-03-24-6-21-51p.m.,1490350911739,1490350903419,2017-03-24-6-21-43p.m.,network,1.2949988,103.7738601,22.11,-1.0,-1.0,-1.0
2017-03-24-6-22-11p.m.,1490350931956,1490350929162,2017-03-24-6-22-09p.m.,network,1.294962,103.7739054,23.198,-1.0,-1.0,-1.0
2017-03-24-6-22-32p.m.,1490350952218,1490350943499,2017-03-24-6-22-23p.m.,network,1.2949988,103.7738601,22.118,-1.0,-1.0,-1.0
2017-03-24-6-22-52p.m.,1490350972114,1490350963543,2017-03-24-6-22-43p.m.,network,1.2949988,103.7738601,22.097,-1.0,-1.0,-1.0
2017-03-24-6-23-12p.m.,1490350992207,1490350983564,2017-03-24-6-23-03p.m.,network,1.2949988,103.7738601,22.091,-1.0,-1.0,-1.0
2017-03-24-6-23-32p.m.,1490351012290,1490351003619,2017-03-24-6-23-23p.m.,network,1.2949988,103.7738601,22.109,-1.0,-1.0,-1.0
2017-03-24-6-23-52p.m.,1490351032373,1490351023649,2017-03-24-6-23-43p.m.,network,1.2949988,103.7738601,22.108,-1.0,-1.0,-1.0
2017-03-24-6-24-12p.m.,1490351052320,1490351043698,2017-03-24-6-24-03p.m.,network,1.2949988,103.7738601,22.1,-1.0,-1.0,-1.0
2017-03-24-6-24-32p.m.,1490351072530,1490351063741,2017-03-24-6-24-23p.m.,network,1.2949988,103.7738601,22.094,-1.0,-1.0,-1.0
2017-03-24-6-24-52p.m.,1490351092419,1490351083784,2017-03-24-6-24-43p.m.,network,1.2949988,103.7738601,22.109,-1.0,-1.0,-1.0
2017-03-24-6-25-12p.m.,1490351112477,1490351103857,2017-03-24-6-25-03p.m.,network,1.2949988,103.7738601,22.112,-1.0,-1.0,-1.0
2017-03-24-6-25-32p.m.,1490351132447,1490351123839,2017-03-24-6-25-23p.m.,network,1.2949988,103.7738601,22.102,-1.0,-1.0,-1.0
2017-03-24-6-25-52p.m.,1490351152453,1490351143911,2017-03-24-6-25-43p.m.,network,1.2949988,103.7738601,22.106,-1.0,-1.0,-1.0
2017-03-24-6-26-12p.m.,1490351172538,1490351163992,2017-03-24-6-26-03p.m.,network,1.2949988,103.7738601,22.113,-1.0,-1.0,-1.0
2017-03-24-6-26-32p.m.,1490351192508,1490351184007,2017-03-24-6-26-24p.m.,network,1.2949988,103.7738601,22.112,-1.0,-1.0,-1.0
2017-03-24-6-26-52p.m.,1490351212557,1490351204012,2017-03-24-6-26-44p.m.,network,1.2949988,103.7738601,22.111,-1.0,-1.0,-1.0
2017-03-24-6-27-12p.m.,1490351232559,1490351224048,2017-03-24-6-27-04p.m.,network,1.2949988,103.7738601,22.108,-1.0,-1.0,-1.0
2017-03-24-6-27-32p.m.,1490351252781,1490351244103,2017-03-24-6-27-24p.m.,network,1.2949988,103.7738601,22.11,-1.0,-1.0,-1.0
2017-03-24-6-27-52p.m.,1490351272800,1490351264128,2017-03-24-6-27-44p.m.,network,1.2949988,103.7738601,22.11,-1.0,-1.0,-1.0
2017-03-24-6-28-12p.m.,1490351292836,1490351284157,2017-03-24-6-28-04p.m.,network,1.2949988,103.7738601,22.119,-1.0,-1.0,-1.0
2017-03-24-6-28-33p.m.,1490351313016,1490351304223,2017-03-24-6-28-24p.m.,network,1.2949988,103.7738601,22.11,-1.0,-1.0,-1.0
2017-03-24-6-28-52p.m.,1490351332933,1490351324256,2017-03-24-6-28-44p.m.,network,1.2949988,103.7738601,22.108,-1.0,-1.0,-1.0
2017-03-24-6-29-12p.m.,1490351352929,1490351344241,2017-03-24-6-29-04p.m.,network,1.2949988,103.7738601,22.106,-1.0,-1.0,-1.0
2017-03-24-6-29-33p.m.,1490351373122,1490351364326,2017-03-24-6-29-24p.m.,network,1.2949988,103.7738601,22.112,-1.0,-1.0,-1.0
2017-03-24-6-29-53p.m.,1490351393060,1490351384349,2017-03-24-6-29-44p.m.,network,1.2949988,103.7738601,22.114,-1.0,-1.0,-1.0
2017-03-24-6-30-13p.m.,1490351413102,1490351404395,2017-03-24-6-30-04p.m.,network,1.2949988,103.7738601,22.108,-1.0,-1.0,-1.0
2017-03-24-6-30-33p.m.,1490351433324,1490351424450,2017-03-24-6-30-24p.m.,network,1.2949988,103.7738601,22.112,-1.0,-1.0,-1.0
2017-03-24-6-30-53p.m.,1490351453222,1490351444468,2017-03-24-6-30-44p.m.,network,1.2949988,103.7738601,22.106,-1.0,-1.0,-1.0
2017-03-24-6-31-13p.m.,1490351473285,1490351464536,2017-03-24-6-31-04p.m.,network,1.2949988,103.7738601,22.11,-1.0,-1.0,-1.0
2017-03-24-6-31-33p.m.,1490351493576,1490351484577,2017-03-24-6-31-24p.m.,network,1.2949988,103.7738601,22.114,-1.0,-1.0,-1.0
2017-03-24-6-31-53p.m.,1490351513499,1490351504618,2017-03-24-6-31-44p.m.,network,1.2949988,103.7738601,22.111,-1.0,-1.0,-1.0
2017-03-24-6-32-13p.m.,1490351533731,1490351524605,2017-03-24-6-32-04p.m.,network,1.2949988,103.7738601,22.108,-1.0,-1.0,-1.0
2017-03-24-6-32-33p.m.,1490351553755,1490351544671,2017-03-24-6-32-24p.m.,network,1.2949988,103.7738601,22.113,-1.0,-1.0,-1.0
2017-03-24-6-32-53p.m.,1490351573633,1490351564703,2017-03-24-6-32-44p.m.,network,1.2949988,103.7738601,22.11,-1.0,-1.0,-1.0
2017-03-24-6-33-13p.m.,1490351593678,1490351584814,2017-03-24-6-33-04p.m.,network,1.2949988,103.7738601,22.108,-1.0,-1.0,-1.0
2017-03-24-6-33-33p.m.,1490351613714,1490351604835,2017-03-24-6-33-24p.m.,network,1.2949988,103.7738601,22.811,-1.0,-1.0,-1.0
2017-03-24-6-33-54p.m.,1490351634114,1490351624835,2017-03-24-6-33-44p.m.,network,1.2949988,103.7738601,22.103,-1.0,-1.0,-1.0
2017-03-24-6-34-13p.m.,1490351653734,1490351644924,2017-03-24-6-34-04p.m.,network,1.2949988,103.7738601,22.115,-1.0,-1.0,-1.0
2017-03-24-6-34-33p.m.,1490351673763,1490351664973,2017-03-24-6-34-24p.m.,network,1.2949988,103.7738601,22.107,-1.0,-1.0,-1.0
2017-03-24-6-34-54p.m.,1490351694378,1490351684965,2017-03-24-6-34-44p.m.,network,1.2949988,103.7738601,22.11,-1.0,-1.0,-1.0
2017-03-24-6-35-14p.m.,1490351714367,1490351704953,2017-03-24-6-35-04p.m.,network,1.2949988,103.7738601,22.123,-1.0,-1.0,-1.0
2017-03-24-6-35-34p.m.,1490351734392,1490351725028,2017-03-24-6-35-25p.m.,network,1.2949988,103.7738601,22.819,-1.0,-1.0,-1.0
2017-03-24-6-35-54p.m.,1490351754495,1490351745144,2017-03-24-6-35-45p.m.,network,1.2949988,103.7738601,22.111,-1.0,-1.0,-1.0
2017-03-24-6-36-14p.m.,1490351774424,1490351765097,2017-03-24-6-36-05p.m.,network,1.2949988,103.7738601,22.11,-1.0,-1.0,-1.0
2017-03-24-6-36-34p.m.,1490351794595,1490351785247,2017-03-24-6-36-25p.m.,network,1.2949988,103.7738601,22.124,-1.0,-1.0,-1.0
2017-03-24-6-36-54p.m.,1490351814623,1490351804918,2017-03-24-6-36-44p.m.,network,1.2949988,103.7738601,22.116,-1.0,-1.0,-1.0
2017-03-24-6-37-14p.m.,1490351834584,1490351825228,2017-03-24-6-37-05p.m.,network,1.2949988,103.7738601,22.122,-1.0,-1.0,-1.0
2017-03-24-6-37-34p.m.,1490351854634,1490351845195,2017-03-24-6-37-25p.m.,network,1.2949267,103.773679,23.376,-1.0,-1.0,-1.0
2017-03-24-6-37-54p.m.,1490351874703,1490351865344,2017-03-24-6-37-45p.m.,network,1.2949277,103.7734979,26.382,-1.0,-1.0,-1.0
2017-03-24-6-38-14p.m.,1490351894826,1490351894451,2017-03-24-6-38-14p.m.,network,1.2943758,103.7740864,23.745,-1.0,-1.0,-1.0
2017-03-24-6-38-53p.m.,1490351933765,1490351933024,2017-03-24-6-38-53p.m.,network,1.2922569,103.7736337,500.0,-1.0,-1.0,-1.0
2017-03-24-6-39-02p.m.,1490351942423,1490351769986,2017-03-24-6-36-09p.m.,gps,1.2943931066995094,103.7739526115054,64.0,65.82312281258098,297.00238,1.416737
2017-03-24-6-39-12p.m.,1490351952455,1490351780000,2017-03-24-6-36-20p.m.,gps,1.294557338430667,103.77358686603228,12.0,102.27437166789092,-1.0,0.0
2017-03-24-6-39-22p.m.,1490351962459,1490351790000,2017-03-24-6-36-30p.m.,gps,1.294557338430667,103.77358686603228,24.0,73.45613012892059,-1.0,0.0
2017-03-24-6-39-32p.m.,1490351972437,1490351800000,2017-03-24-6-36-40p.m.,gps,1.2943888148342864,103.77371346943005,12.0,67.10152163663908,-1.0,0.0
2017-03-24-6-39-42p.m.,1490351982448,1490351810000,2017-03-24-6-36-50p.m.,gps,1.2943888148342864,103.77371346943005,12.0,67.90776579285615,-1.0,0.0
2017-03-24-6-39-52p.m.,1490351992442,1490351820000,2017-03-24-6-37-00p.m.,gps,1.2943888148342864,103.77371346943005,16.0,67.81157390055515,-1.0,0.0
2017-03-24-6-40-02p.m.,1490352002452,1490351830000,2017-03-24-6-37-10p.m.,gps,1.2943888148342864,103.77371346943005,12.0,67.75924269793661,-1.0,0.0
2017-03-24-6-40-12p.m.,1490352012456,1490351840000,2017-03-24-6-37-20p.m.,gps,1.2943888148342864,103.77371346943005,24.0,67.79320620092753,-1.0,0.0
2017-03-24-6-40-22p.m.,1490352022459,1490351850000,2017-03-24-6-37-30p.m.,gps,1.2943888148342864,103.77371346943005,24.0,67.67801410909651,-1.0,0.0
2017-03-24-6-40-32p.m.,1490352032467,1490351860000,2017-03-24-6-37-40p.m.,gps,1.2943888148342864,103.77371346943005,8.0,67.71542898076733,-1.0,0.0
2017-03-24-6-40-42p.m.,1490352042456,1490351870000,2017-03-24-6-37-50p.m.,gps,1.2943888148342864,103.77371346943005,24.0,67.78301809515654,-1.0,0.0
2017-03-24-6-40-52p.m.,1490352052446,1490351880000,2017-03-24-6-38-00p.m.,gps,1.294452299109735,103.77366576166824,8.0,67.76981441146542,-1.0,0.0
2017-03-24-6-41-02p.m.,1490352062454,1490351890000,2017-03-24-6-38-10p.m.,gps,1.294452299109735,103.77366576166824,12.0,67.87171403826132,-1.0,0.0
2017-03-24-6-41-12p.m.,1490352072452,1490351900000,2017-03-24-6-38-20p.m.,gps,1.294452299109735,103.77366576166824,16.0,68.11681578758852,-1.0,0.0
2017-03-24-6-41-22p.m.,1490352082440,1490351910000,2017-03-24-6-38-30p.m.,gps,1.294452299109735,103.77366576166824,16.0,67.76989179594857,-1.0,0.0
2017-03-24-6-41-32p.m.,1490352092446,1490351920000,2017-03-24-6-38-40p.m.,gps,1.294452299109735,103.77366576166824,8.0,65.70042250840457,-1.0,0.0
2017-03-24-6-41-42p.m.,1490352102444,1490351930000,2017-03-24-6-38-50p.m.,gps,1.294452299109735,103.77366576166824,12.0,64.95644672176711,-1.0,0.0
2017-03-24-6-41-52p.m.,1490352112444,1490351940000,2017-03-24-6-39-00p.m.,gps,1.294452299109735,103.77366576166824,16.0,64.27522556759196,-1.0,0.0
2017-03-24-6-42-02p.m.,1490352122447,1490351950000,2017-03-24-6-39-10p.m.,gps,1.294452299109735,103.77366576166824,16.0,63.7249311010338,-1.0,0.0
2017-03-24-6-42-12p.m.,1490352132448,1490351960000,2017-03-24-6-39-20p.m.,gps,1.294452299109735,103.77366576166824,16.0,62.7981216829846,-1.0,0.0
2017-03-24-6-42-19p.m.,1490352139108,1490352135640,2017-03-24-6-42-15p.m.,network,1.2942658,103.7741317,27.663,-1.0,-1.0,-1.0
2017-03-24-6-42-32p.m.,1490352152445,1490351980000,2017-03-24-6-39-40p.m.,gps,1.2944034144816843,103.7737932258011,24.0,62.02249022610844,-1.0,0.0
2017-03-24-6-42-38p.m.,1490352158951,1490352155685,2017-03-24-6-42-35p.m.,network,1.2944121,103.7741317,27.242,-1.0,-1.0,-1.0
2017-03-24-6-42-52p.m.,1490352172447,1490352000000,2017-03-24-6-40-00p.m.,gps,1.2944034144816843,103.7737932258011,24.0,61.130031867863494,-1.0,0.0
2017-03-24-6-43-00p.m.,1490352180039,1490352175679,2017-03-24-6-42-55p.m.,network,1.294339,103.7741317,24.022,-1.0,-1.0,-1.0
2017-03-24-6-43-12p.m.,1490352192446,1490352020000,2017-03-24-6-40-20p.m.,gps,1.2944034144816843,103.7737932258011,12.0,62.54927901645603,-1.0,0.0
2017-03-24-6-43-20p.m.,1490352200132,1490352195776,2017-03-24-6-43-15p.m.,network,1.2947047,103.7741317,27.423,-1.0,-1.0,-1.0
2017-03-24-6-43-32p.m.,1490352212452,1490352040000,2017-03-24-6-40-40p.m.,gps,1.2944034144816843,103.7737932258011,24.0,61.47409980752611,-1.0,0.0
2017-03-24-6-43-40p.m.,1490352220096,1490352215807,2017-03-24-6-43-35p.m.,network,1.2941937,103.7739506,30.586,-1.0,-1.0,-1.0
2017-03-24-6-43-52p.m.,1490352232443,1490352060000,2017-03-24-6-41-00p.m.,gps,1.294511350865633,103.7733552592177,12.0,41.57731182611703,307.26266,3.7290442
2017-03-24-6-44-02p.m.,1490352242451,1490352070000,2017-03-24-6-41-10p.m.,gps,1.294570247752468,103.77295279375451,6.0,43.76730780390526,266.47418,2.7807705
2017-03-24-6-44-12p.m.,1490352252447,1490352080000,2017-03-24-6-41-20p.m.,gps,1.294206625580794,103.77269177119472,6.0,46.45407399654574,215.51352,2.217649
2017-03-24-6-44-19p.m.,1490352259280,1490352240043,2017-03-24-6-44-00p.m.,network,1.2922549,103.7739958,600.0,-1.0,-1.0,-1.0
2017-03-24-6-44-32p.m.,1490352272447,1490352100000,2017-03-24-6-41-40p.m.,gps,1.293622969286541,103.77222654932295,16.0,45.401633890522305,198.92729,3.8195958
2017-03-24-6-44-40p.m.,1490352280604,1490352275507,2017-03-24-6-44-35p.m.,network,1.2927779,103.7722009,116.1,-1.0,-1.0,-1.0
2017-03-24-6-44-52p.m.,1490352292441,1490352120000,2017-03-24-6-42-00p.m.,gps,1.2935391066665667,103.77219209653735,16.0,44.42349409741544,196.8256,0.0
2017-03-24-6-45-00p.m.,1490352300938,1490352295541,2017-03-24-6-44-55p.m.,network,1.2930989,103.7734979,50.0,-1.0,-1.0,-1.0
2017-03-24-6-45-12p.m.,1490352312447,1490352140000,2017-03-24-6-42-20p.m.,gps,1.2938755138896476,103.77088065375959,12.0,37.04732788874579,311.8847,12.80363
2017-03-24-6-45-21p.m.,1490352321881,1490352315543,2017-03-24-6-45-15p.m.,network,1.2939161,103.7712346,22.134,-1.0,-1.0,-1.0
2017-03-24-6-45-32p.m.,1490352332460,1490352160000,2017-03-24-6-42-40p.m.,gps,1.2953438607073482,103.77057629034749,12.0,34.30589638366201,21.1561,0.0
2017-03-24-6-45-42p.m.,1490352342036,1490352335549,2017-03-24-6-45-35p.m.,network,1.2953806,103.770963,45.775,-1.0,-1.0,-1.0
2017-03-24-6-45-52p.m.,1490352352447,1490352180000,2017-03-24-6-43-00p.m.,gps,1.2953984975253154,103.77061746505119,16.0,34.515337400438824,41.333897,3.6386364
2017-03-24-6-46-02p.m.,1490352362354,1490352355605,2017-03-24-6-45-55p.m.,network,1.2932311,103.7732083,110.0,-1.0,-1.0,-1.0
2017-03-24-6-46-12p.m.,1490352372446,1490352200000,2017-03-24-6-43-20p.m.,gps,1.2963215296409447,103.77139991339858,8.0,34.574840822372465,94.97623,8.895389
2017-03-24-6-46-22p.m.,1490352382441,1490352210000,2017-03-24-6-43-30p.m.,gps,1.2965618897884004,103.77208879681876,12.0,41.63618765225596,46.1112,8.711454
2017-03-24-6-46-32p.m.,1490352392443,1490352220000,2017-03-24-6-43-40p.m.,gps,1.2967703095369962,103.77228141599856,12.0,44.86820670281059,39.663284,1.044204
2017-03-24-6-46-42p.m.,1490352402449,1490352230000,2017-03-24-6-43-50p.m.,gps,1.2971017858871627,103.77251211532531,12.0,47.812472735226095,31.54834,1.7180907
2017-03-24-6-46-52p.m.,1490352412442,1490352240000,2017-03-24-6-44-00p.m.,gps,1.2971121790532392,103.77252007473967,16.0,47.95312256806554,31.040987,0.0
2017-03-24-6-47-02p.m.,1490352422442,1490352250000,2017-03-24-6-44-10p.m.,gps,1.2971097023450924,103.77252212523396,12.0,48.041483346268436,31.040987,0.0
2017-03-24-6-47-12p.m.,1490352432448,1490352260000,2017-03-24-6-44-20p.m.,gps,1.2971087029622246,103.77254245418005,12.0,48.22367432124467,35.329792,0.0
2017-03-24-6-47-22p.m.,1490352442465,1490352270000,2017-03-24-6-44-30p.m.,gps,1.2974317410817167,103.77286390168021,16.0,51.15654999031788,32.788086,6.8792005
2017-03-24-6-47-32p.m.,1490352452455,1490352280000,2017-03-24-6-44-40p.m.,gps,1.2981145737164177,103.77344002521554,12.0,54.84683255258864,59.03952,11.608315
2017-03-24-6-47-42p.m.,1490352462436,1490352290000,2017-03-24-6-44-50p.m.,gps,1.2986782144264644,103.77394716352316,12.0,51.90328093593071,40.837704,5.5789723
2017-03-24-6-47-52p.m.,1490352472559,1490352300000,2017-03-24-6-45-00p.m.,gps,1.299138161244036,103.77431753492228,8.0,39.226414773361384,28.850876,6.3869963
2017-03-24-6-48-03p.m.,1490352483836,1490352473422,2017-03-24-6-47-53p.m.,network,1.2989236,103.7741665,116.1,-1.0,-1.0,-1.0
2017-03-24-6-48-13p.m.,1490352493441,1490352321000,2017-03-24-6-45-21p.m.,gps,1.2998279673829143,103.7745125125271,12.0,34.71174956659869,4.5268393,2.8763063
2017-03-24-6-48-23p.m.,1490352503478,1490352331000,2017-03-24-6-45-31p.m.,gps,1.300400773456186,103.77427111622133,8.0,40.96260817811151,334.87027,5.7206035
2017-03-24-6-48-33p.m.,1490352513461,1490352341000,2017-03-24-6-45-41p.m.,gps,1.300852628589383,103.7736887478731,8.0,32.59941872590613,302.35138,6.7453117
2017-03-24-6-48-43p.m.,1490352523468,1490352351000,2017-03-24-6-45-51p.m.,gps,1.301056687428964,103.77319024637211,8.0,25.838052523647665,309.54703,2.623509
2017-03-24-6-48-53p.m.,1490352533560,1490352361000,2017-03-24-6-46-01p.m.,gps,1.301161513583914,103.77340129382083,6.0,26.46215945027697,93.701744,4.183412
2017-03-24-6-49-03p.m.,1490352543552,1490352371000,2017-03-24-6-46-11p.m.,gps,1.3011045110733113,103.77360206757432,8.0,23.036332063797143,112.38561,0.0
2017-03-24-6-49-14p.m.,1490352554524,1490352382000,2017-03-24-6-46-22p.m.,gps,1.3011045110733113,103.77360206757432,8.0,22.766739826918364,112.38561,0.0
2017-03-24-6-49-24p.m.,1490352564436,1490352392000,2017-03-24-6-46-32p.m.,gps,1.3011045110733113,103.77360206757432,8.0,22.87463544255997,112.38561,0.0
2017-03-24-6-49-34p.m.,1490352574440,1490352402000,2017-03-24-6-46-42p.m.,gps,1.3007932328353786,103.77425560619372,8.0,23.46910416182831,113.476494,6.894248
2017-03-24-6-49-44p.m.,1490352584439,1490352412000,2017-03-24-6-46-52p.m.,gps,1.3002384372845928,103.77456989132558,8.0,33.57269297882009,154.78583,8.479182
2017-03-24-6-49-54p.m.,1490352594449,1490352422000,2017-03-24-6-47-02p.m.,gps,1.299600905868139,103.77469113024993,8.0,33.09375168116898,161.4784,8.338467
2017-03-24-6-50-04p.m.,1490352604446,1490352432000,2017-03-24-6-47-12p.m.,gps,1.2990960773503086,103.77500206178797,6.0,33.87653213985046,122.57477,5.723824
2017-03-24-6-50-14p.m.,1490352614504,1490352442000,2017-03-24-6-47-22p.m.,gps,1.2988454046579154,103.77547534864897,8.0,35.61332853966647,108.040504,3.5796163
2017-03-24-6-50-24p.m.,1490352624492,1490352452000,2017-03-24-6-47-32p.m.,gps,1.2988930118326678,103.77594520545749,8.0,37.33229905820712,91.397156,4.0000525
2017-03-24-6-50-34p.m.,1490352634443,1490352462000,2017-03-24-6-47-42p.m.,gps,1.2989021948501742,103.77597280829364,8.0,36.77662442140667,74.47528,0.0
2017-03-24-6-50-44p.m.,1490352644452,1490352472000,2017-03-24-6-47-52p.m.,gps,1.2989007301200743,103.77624879959525,8.0,36.291140936977186,112.556335,5.283596
2017-03-24-6-50-54p.m.,1490352654455,1490352482000,2017-03-24-6-48-02p.m.,gps,1.298541881139842,103.77668161302158,8.0,41.34994843843358,138.08269,7.401873
2017-03-24-6-51-04p.m.,1490352664452,1490352492000,2017-03-24-6-48-12p.m.,gps,1.2977627358351433,103.77741813071333,16.0,34.944473176264054,128.26868,11.07683
2017-03-24-6-51-14p.m.,1490352674475,1490352502000,2017-03-24-6-48-22p.m.,gps,1.2974146514084324,103.77803672227272,8.0,41.13105058480488,112.33901,8.436142
2017-03-24-6-51-24p.m.,1490352684450,1490352512000,2017-03-24-6-48-32p.m.,gps,1.2971233623736471,103.77886166475348,16.0,40.411699869532725,110.30018,11.375309
2017-03-24-6-51-34p.m.,1490352694470,1490352522000,2017-03-24-6-48-42p.m.,gps,1.297304479911143,103.77990012558793,8.0,36.300736003004545,67.89443,10.326997
2017-03-24-6-51-44p.m.,1490352704453,1490352532000,2017-03-24-6-48-52p.m.,gps,1.2974829075647212,103.78049089339693,16.0,30.912924655665442,72.14105,4.552999
2017-03-24-6-51-54p.m.,1490352714444,1490352542000,2017-03-24-6-49-02p.m.,gps,1.2975326985411297,103.78059673181245,12.0,30.419148037374967,70.355644,0.0
2017-03-24-6-52-04p.m.,1490352724442,1490352552000,2017-03-24-6-49-12p.m.,gps,1.2975326985411297,103.78059673181245,12.0,30.758537968640354,70.355644,0.0
2017-03-24-6-52-14p.m.,1490352734440,1490352562000,2017-03-24-6-49-22p.m.,gps,1.2975545590045199,103.78102069445806,12.0,41.85008459252904,84.907135,2.6054037
2017-03-24-6-52-24p.m.,1490352744443,1490352572000,2017-03-24-6-49-32p.m.,gps,1.2975559162336112,103.78119958972823,6.0,40.101035992363066,92.39386,4.646138
2017-03-24-6-52-34p.m.,1490352754524,1490352582000,2017-03-24-6-49-42p.m.,gps,1.2973642015447087,103.78171126440775,8.0,33.890035022360486,123.504135,5.409057
2017-03-24-6-52-44p.m.,1490352764472,1490352592000,2017-03-24-6-49-52p.m.,gps,1.297044334344968,103.78233050068883,8.0,33.47915685077568,96.61046,6.2227826
2017-03-24-6-52-54p.m.,1490352774480,1490352602000,2017-03-24-6-50-02p.m.,gps,1.296932445936485,103.78296037208766,6.0,29.30553248541846,107.54943,7.289515
2017-03-24-6-53-04p.m.,1490352784502,1490352612000,2017-03-24-6-50-12p.m.,gps,1.29640749384194,103.78356288494518,4.0,25.922101934446765,135.76717,9.585343
2017-03-24-6-53-14p.m.,1490352794441,1490352622000,2017-03-24-6-50-22p.m.,gps,1.2959012067888158,103.78394099074535,12.0,29.12101836840381,145.20126,4.3752584
2017-03-24-6-53-24p.m.,1490352804453,1490352632000,2017-03-24-6-50-32p.m.,gps,1.2956936154456389,103.78406581964323,8.0,29.57451948188997,147.10889,1.2590609
2017-03-24-6-53-34p.m.,1490352814454,1490352642000,2017-03-24-6-50-42p.m.,gps,1.295573541451119,103.78413441002712,6.0,30.26573941008243,147.48889,1.4835107
2017-03-24-6-53-44p.m.,1490352824515,1490352652000,2017-03-24-6-50-52p.m.,gps,1.2954433389777145,103.78421056509252,12.0,31.460428570085245,147.53618,4.8576665
2017-03-24-6-53-54p.m.,1490352834442,1490352662000,2017-03-24-6-51-02p.m.,gps,1.2950623543550195,103.78450986078796,8.0,36.07863030081565,140.89479,2.0905275
2017-03-24-6-54-04p.m.,1490352844456,1490352672000,2017-03-24-6-51-12p.m.,gps,1.2950623543550195,103.78450986078796,6.0,36.196844471814636,140.89479,0.0
2017-03-24-6-54-14p.m.,1490352854462,1490352682000,2017-03-24-6-51-22p.m.,gps,1.2950623543550195,103.78450986078796,6.0,35.85417457824128,140.89479,0.0
2017-03-24-6-54-24p.m.,1490352864462,1490352692000,2017-03-24-6-51-32p.m.,gps,1.2950623543550195,103.78450986078796,24.0,35.49900252450729,140.89479,0.0
2017-03-24-6-54-30p.m.,1490352870211,1490352869875,2017-03-24-6-54-29p.m.,network,1.2954093,103.7855849,699.999,-1.0,-1.0,-1.0
2017-03-24-6-54-44p.m.,1490352884501,1490352712000,2017-03-24-6-51-52p.m.,gps,1.294948461225425,103.78465286998072,24.0,34.283313595418385,95.8355,0.0
2017-03-24-6-54-50p.m.,1490352890033,1490352889914,2017-03-24-6-54-49p.m.,network,1.2951207,103.7848606,699.999,-1.0,-1.0,-1.0
2017-03-24-6-55-15p.m.,1490352915120,1490352910034,2017-03-24-6-55-10p.m.,network,1.2954173,103.7841362,600.0,-1.0,-1.0,-1.0
2017-03-24-6-55-30p.m.,1490352930203,1490352926468,2017-03-24-6-55-26p.m.,network,1.2944414,103.7843686,77.6,-1.0,-1.0,-1.0
2017-03-24-6-55-40p.m.,1490352940563,1490352768000,2017-03-24-6-52-48p.m.,gps,1.294618866146468,103.78436649905893,32.0,58.52046473511845,95.8355,0.0
2017-03-24-6-55-50p.m.,1490352950266,1490352946383,2017-03-24-6-55-46p.m.,network,1.2947222,103.7841815,28.026,-1.0,-1.0,-1.0
2017-03-24-6-56-10p.m.,1490352970617,1490352966488,2017-03-24-6-56-06p.m.,network,1.2937708,103.7842721,50.0,-1.0,-1.0,-1.0
2017-03-24-6-56-30p.m.,1490352990261,1490352986459,2017-03-24-6-56-26p.m.,network,1.2938787,103.784589,23.732,-1.0,-1.0,-1.0
2017-03-24-6-56-50p.m.,1490353010276,1490353006405,2017-03-24-6-56-46p.m.,network,1.293905,103.7846481,39.6,-1.0,-1.0,-1.0
2017-03-24-6-57-10p.m.,1490353030363,1490353026518,2017-03-24-6-57-06p.m.,network,1.293905,103.7846481,45.6,-1.0,-1.0,-1.0
2017-03-24-6-57-29p.m.,1490353049424,1490353046433,2017-03-24-6-57-26p.m.,network,1.293905,103.7846481,52.4,-1.0,-1.0,-1.0
2017-03-24-6-57-49p.m.,1490353069250,1490353066450,2017-03-24-6-57-46p.m.,network,1.2938507,103.7844436,60.0,-1.0,-1.0,-1.0
2017-03-24-6-58-09p.m.,1490353089244,1490353089163,2017-03-24-6-58-09p.m.,network,1.2965736,103.7866714,1500.0,-1.0,-1.0,-1.0
2017-03-24-6-58-29p.m.,1490353109703,1490353106476,2017-03-24-6-58-26p.m.,network,1.293905,103.7846481,87.6,-1.0,-1.0,-1.0
2017-03-24-6-58-49p.m.,1490353129568,1490353129455,2017-03-24-6-58-49p.m.,network,1.2965736,103.7866714,1500.0,-1.0,-1.0,-1.0
2017-03-24-6-59-11p.m.,1490353151884,1490353146521,2017-03-24-6-59-06p.m.,network,1.293905,103.7846481,122.4,-1.0,-1.0,-1.0
2017-03-24-6-59-31p.m.,1490353171860,1490353171732,2017-03-24-6-59-31p.m.,network,1.2965736,103.7866714,1500.0,-1.0,-1.0,-1.0
2017-03-24-6-59-53p.m.,1490353193164,1490353193062,2017-03-24-6-59-53p.m.,network,1.2965736,103.7866714,1500.0,-1.0,-1.0,-1.0
2017-03-24-7-00-13p.m.,1490353213198,1490353213104,2017-03-24-7-00-13p.m.,network,1.3076819,103.7888445,899.999,-1.0,-1.0,-1.0
2017-03-24-7-00-33p.m.,1490353233590,1490353226564,2017-03-24-7-00-26p.m.,network,1.2998944,103.7876864,128.9,-1.0,-1.0,-1.0
2017-03-24-7-00-53p.m.,1490353253326,1490353253215,2017-03-24-7-00-53p.m.,network,1.3076819,103.7888445,899.999,-1.0,-1.0,-1.0
2017-03-24-7-01-13p.m.,1490353273656,1490353273223,2017-03-24-7-01-13p.m.,network,1.3073912,103.7884823,899.999,-1.0,-1.0,-1.0
2017-03-24-7-01-33p.m.,1490353293317,1490353293230,2017-03-24-7-01-33p.m.,network,1.3076819,103.7888445,899.999,-1.0,-1.0,-1.0
2017-03-24-7-01-53p.m.,1490353313332,1490353313236,2017-03-24-7-01-53p.m.,network,1.3076819,103.7888445,899.999,-1.0,-1.0,-1.0
2017-03-24-7-02-14p.m.,1490353334652,1490353334492,2017-03-24-7-02-14p.m.,network,1.3044504,103.7910176,1000.0,-1.0,-1.0,-1.0
2017-03-24-7-02-37p.m.,1490353357503,1490353356754,2017-03-24-7-02-36p.m.,network,1.3065355,103.7905591,110.0,-1.0,-1.0,-1.0
2017-03-24-7-02-55p.m.,1490353375067,1490353367139,2017-03-24-7-02-47p.m.,network,1.3065355,103.7905591,110.0,-1.0,-1.0,-1.0
2017-03-24-7-03-15p.m.,1490353395038,1490353387245,2017-03-24-7-03-07p.m.,network,1.3062044,103.7904756,104.1,-1.0,-1.0,-1.0
2017-03-24-7-03-35p.m.,1490353415028,1490353414617,2017-03-24-7-03-34p.m.,network,1.304743,103.7910176,1000.0,-1.0,-1.0,-1.0
2017-03-24-7-03-55p.m.,1490353435663,1490353427200,2017-03-24-7-03-47p.m.,network,1.3062044,103.7904756,104.1,-1.0,-1.0,-1.0
2017-03-24-7-04-16p.m.,1490353456554,1490353456461,2017-03-24-7-04-16p.m.,network,1.3044504,103.7910176,1000.0,-1.0,-1.0,-1.0
2017-03-24-7-04-36p.m.,1490353476536,1490353476465,2017-03-24-7-04-36p.m.,network,1.3070904,103.7899311,1200.0,-1.0,-1.0,-1.0
2017-03-24-7-04-56p.m.,1490353496790,1490353496593,2017-03-24-7-04-56p.m.,network,1.3070904,103.7899311,1200.0,-1.0,-1.0,-1.0
2017-03-24-7-05-17p.m.,1490353517455,1490353516860,2017-03-24-7-05-16p.m.,network,1.3120182,103.7961105,116.1,-1.0,-1.0,-1.0
2017-03-24-7-05-36p.m.,1490353536760,1490353526875,2017-03-24-7-05-26p.m.,network,1.3120182,103.7961105,82.5,-1.0,-1.0,-1.0
2017-03-24-7-05-56p.m.,1490353556883,1490353556752,2017-03-24-7-05-56p.m.,network,1.3070904,103.7899311,1200.0,-1.0,-1.0,-1.0
2017-03-24-7-06-16p.m.,1490353576897,1490353576805,2017-03-24-7-06-16p.m.,network,1.3070904,103.7899311,1200.0,-1.0,-1.0,-1.0
2017-03-24-7-06-37p.m.,1490353597508,1490353596867,2017-03-24-7-06-36p.m.,network,1.3059279,103.7884823,1000.0,-1.0,-1.0,-1.0
2017-03-24-7-06-57p.m.,1490353617039,1490353616854,2017-03-24-7-06-56p.m.,network,1.3094075,103.7942774,1500.0,-1.0,-1.0,-1.0
2017-03-24-7-07-17p.m.,1490353637294,1490353637004,2017-03-24-7-07-17p.m.,network,1.3094075,103.7942774,1500.0,-1.0,-1.0,-1.0
2017-03-24-7-07-37p.m.,1490353657119,1490353657009,2017-03-24-7-07-37p.m.,network,1.3094075,103.7942774,1500.0,-1.0,-1.0,-1.0
2017-03-24-7-07-57p.m.,1490353677580,1490353677167,2017-03-24-7-07-57p.m.,network,1.3059279,103.7884823,1000.0,-1.0,-1.0,-1.0
2017-03-24-7-08-18p.m.,1490353698882,1490353698182,2017-03-24-7-08-18p.m.,network,1.3059279,103.7884823,1000.0,-1.0,-1.0,-1.0
2017-03-24-7-08-38p.m.,1490353718298,1490353718227,2017-03-24-7-08-38p.m.,network,1.3094075,103.7942774,1500.0,-1.0,-1.0,-1.0
2017-03-24-7-08-58p.m.,1490353738291,1490353738211,2017-03-24-7-08-58p.m.,network,1.3094075,103.7942774,1500.0,-1.0,-1.0,-1.0
2017-03-24-7-09-18p.m.,1490353758393,1490353758221,2017-03-24-7-09-18p.m.,network,1.3120214,103.7978994,1600.0,-1.0,-1.0,-1.0
2017-03-24-7-09-38p.m.,1490353778332,1490353778231,2017-03-24-7-09-38p.m.,network,1.3120214,103.7978994,1600.0,-1.0,-1.0,-1.0
2017-03-24-7-10-00p.m.,1490353800517,1490353797171,2017-03-24-7-09-57p.m.,network,1.3223539,103.8149324,122.4,-1.0,-1.0,-1.0
2017-03-24-7-10-20p.m.,1490353820279,1490353817115,2017-03-24-7-10-17p.m.,network,1.3223539,103.8149324,128.9,-1.0,-1.0,-1.0
2017-03-24-7-10-40p.m.,1490353840215,1490353840137,2017-03-24-7-10-40p.m.,network,1.3120214,103.7978994,1600.0,-1.0,-1.0,-1.0
2017-03-24-7-11-00p.m.,1490353860482,1490353860266,2017-03-24-7-11-00p.m.,network,1.3120214,103.7978994,1600.0,-1.0,-1.0,-1.0
2017-03-24-7-11-20p.m.,1490353880414,1490353880250,2017-03-24-7-11-20p.m.,network,1.3120214,103.7978994,1600.0,-1.0,-1.0,-1.0
2017-03-24-7-11-40p.m.,1490353900422,1490353900257,2017-03-24-7-11-40p.m.,network,1.3120214,103.7978994,1600.0,-1.0,-1.0,-1.0
2017-03-24-7-12-00p.m.,1490353920694,1490353920543,2017-03-24-7-12-00p.m.,network,1.3120214,103.7978994,1600.0,-1.0,-1.0,-1.0
2017-03-24-7-12-20p.m.,1490353940631,1490353940533,2017-03-24-7-12-20p.m.,network,1.3120214,103.7978994,1600.0,-1.0,-1.0,-1.0
2017-03-24-7-13-01p.m.,1490353981100,1490353980723,2017-03-24-7-13-00p.m.,network,1.3506831,103.8471685,1500.0,-1.0,-1.0,-1.0
2017-03-24-7-13-20p.m.,1490354000879,1490354000784,2017-03-24-7-13-20p.m.,network,1.3506831,103.8471685,1500.0,-1.0,-1.0,-1.0
2017-03-24-7-13-40p.m.,1490354020857,1490354020770,2017-03-24-7-13-40p.m.,network,1.3506831,103.8471685,1500.0,-1.0,-1.0,-1.0
2017-03-24-7-14-01p.m.,1490354041395,1490354041251,2017-03-24-7-14-01p.m.,network,1.3506831,103.8471685,1500.0,-1.0,-1.0,-1.0
2017-03-24-7-14-21p.m.,1490354061623,1490354061232,2017-03-24-7-14-21p.m.,network,1.3465993,103.8442699,1200.0,-1.0,-1.0,-1.0
2017-03-24-7-14-46p.m.,1490354086361,1490354086108,2017-03-24-7-14-46p.m.,network,1.3506831,103.8471685,1500.0,-1.0,-1.0,-1.0
2017-03-24-7-15-01p.m.,1490354101096,1490354097492,2017-03-24-7-14-57p.m.,network,1.3377191,103.839369,116.1,-1.0,-1.0,-1.0
2017-03-24-7-15-27p.m.,1490354127452,1490354125797,2017-03-24-7-15-25p.m.,network,1.3465993,103.8442699,1200.0,-1.0,-1.0,-1.0
2017-03-24-7-15-46p.m.,1490354146260,1490354145934,2017-03-24-7-15-45p.m.,network,1.3526739,103.8457847,1273.0,-1.0,-1.0,-1.0
2017-03-24-7-16-12p.m.,1490354172788,1490354172485,2017-03-24-7-16-12p.m.,network,1.354765,103.8444746,1273.0,-1.0,-1.0,-1.0
2017-03-24-7-16-32p.m.,1490354192984,1490354187479,2017-03-24-7-16-27p.m.,network,1.3487384,103.8393668,128.9,-1.0,-1.0,-1.0
2017-03-24-7-16-45p.m.,1490354205354,1490354205325,2017-03-24-7-16-45p.m.,network,1.3547989,103.8446322,1200.0,-1.0,-1.0,-1.0
2017-03-24-7-17-10p.m.,1490354230711,1490354230356,2017-03-24-7-17-10p.m.,network,1.3547989,103.8446322,1200.0,-1.0,-1.0,-1.0
2017-03-24-7-17-27p.m.,1490354247504,1490354247455,2017-03-24-7-17-27p.m.,network,1.3547989,103.8446322,1200.0,-1.0,-1.0,-1.0
2017-03-24-7-17-55p.m.,1490354275068,1490354274946,2017-03-24-7-17-54p.m.,network,1.3547989,103.8446322,1200.0,-1.0,-1.0,-1.0
2017-03-24-7-18-20p.m.,1490354300875,1490354300818,2017-03-24-7-18-20p.m.,network,1.3547989,103.8446322,1200.0,-1.0,-1.0,-1.0
2017-03-24-7-18-42p.m.,1490354322308,1490354321600,2017-03-24-7-18-41p.m.,network,1.3577052,103.8486179,1000.0,-1.0,-1.0,-1.0
2017-03-24-7-19-23p.m.,1490354363430,1490354362965,2017-03-24-7-19-22p.m.,network,1.3562256,103.8511543,1399.999,-1.0,-1.0,-1.0
2017-03-24-7-19-43p.m.,1490354383245,1490354383059,2017-03-24-7-19-43p.m.,network,1.3577052,103.8486179,1000.0,-1.0,-1.0,-1.0
2017-03-24-7-20-04p.m.,1490354404735,1490354404371,2017-03-24-7-20-04p.m.,network,1.3562256,103.8511543,1399.999,-1.0,-1.0,-1.0
2017-03-24-7-20-24p.m.,1490354424530,1490354424366,2017-03-24-7-20-24p.m.,network,1.3577052,103.8486179,1000.0,-1.0,-1.0,-1.0
2017-03-24-7-20-44p.m.,1490354444795,1490354444380,2017-03-24-7-20-44p.m.,network,1.3547314,103.8562273,1500.0,-1.0,-1.0,-1.0
2017-03-24-7-21-04p.m.,1490354464692,1490354464442,2017-03-24-7-21-04p.m.,network,1.3547314,103.8562273,1500.0,-1.0,-1.0,-1.0
2017-03-24-7-21-24p.m.,1490354484583,1490354484439,2017-03-24-7-21-24p.m.,network,1.3547314,103.8562273,1500.0,-1.0,-1.0,-1.0
2017-03-24-7-21-44p.m.,1490354504539,1490354504451,2017-03-24-7-21-44p.m.,network,1.3547314,103.8562273,1500.0,-1.0,-1.0,-1.0
2017-03-24-7-22-04p.m.,1490354524705,1490354524541,2017-03-24-7-22-04p.m.,network,1.3547314,103.8562273,1500.0,-1.0,-1.0,-1.0
2017-03-24-7-22-24p.m.,1490354544996,1490354544552,2017-03-24-7-22-24p.m.,network,1.3559052,103.855865,1600.0,-1.0,-1.0,-1.0
2017-03-24-7-22-44p.m.,1490354564692,1490354564617,2017-03-24-7-22-44p.m.,network,1.3547314,103.8562273,1500.0,-1.0,-1.0,-1.0
2017-03-24-7-23-05p.m.,1490354585874,1490354585697,2017-03-24-7-23-05p.m.,network,1.3547314,103.8562273,1500.0,-1.0,-1.0,-1.0
2017-03-24-7-23-27p.m.,1490354607502,1490354605708,2017-03-24-7-23-25p.m.,network,1.3559052,103.855865,1600.0,-1.0,-1.0,-1.0
2017-03-24-7-23-45p.m.,1490354625842,1490354625706,2017-03-24-7-23-45p.m.,network,1.3523437,103.8638372,1500.0,-1.0,-1.0,-1.0
2017-03-24-7-24-08p.m.,1490354648855,1490354648282,2017-03-24-7-24-08p.m.,network,1.3506691,103.87229,42.5,-1.0,-1.0,-1.0
2017-03-24-7-24-26p.m.,1490354666137,1490354658290,2017-03-24-7-24-18p.m.,network,1.3506691,103.87229,42.5,-1.0,-1.0,-1.0
2017-03-24-7-24-46p.m.,1490354686390,1490354678269,2017-03-24-7-24-38p.m.,network,1.3506458,103.8724894,22.079,-1.0,-1.0,-1.0
2017-03-24-7-25-06p.m.,1490354706512,1490354698323,2017-03-24-7-24-58p.m.,network,1.3505731,103.8723988,22.93,-1.0,-1.0,-1.0
2017-03-24-7-25-26p.m.,1490354726253,1490354718327,2017-03-24-7-25-18p.m.,network,1.3506691,103.87229,32.1,-1.0,-1.0,-1.0
2017-03-24-7-25-46p.m.,1490354746271,1490354738413,2017-03-24-7-25-38p.m.,network,1.3506691,103.87229,68.4,-1.0,-1.0,-1.0
2017-03-24-7-26-06p.m.,1490354766502,1490354760208,2017-03-24-7-26-00p.m.,network,1.3506691,103.87229,104.1,-1.0,-1.0,-1.0
2017-03-24-7-26-26p.m.,1490354786710,1490354786263,2017-03-24-7-26-26p.m.,network,1.3549545,103.8681858,1899.999,-1.0,-1.0,-1.0
2017-03-24-7-26-48p.m.,1490354808482,1490354805112,2017-03-24-7-26-45p.m.,network,1.358111,103.8794205,1399.999,-1.0,-1.0,-1.0
2017-03-24-7-27-07p.m.,1490354827413,1490354826558,2017-03-24-7-27-06p.m.,network,1.358111,103.8794205,1399.999,-1.0,-1.0,-1.0
2017-03-24-7-27-26p.m.,1490354846665,1490354846580,2017-03-24-7-27-26p.m.,network,1.3585454,103.8803568,1434.0,-1.0,-1.0,-1.0
2017-03-24-7-27-46p.m.,1490354866728,1490354866625,2017-03-24-7-27-46p.m.,network,1.3585454,103.8803568,1434.0,-1.0,-1.0,-1.0
2017-03-24-7-28-11p.m.,1490354891483,1490354884230,2017-03-24-7-28-04p.m.,network,1.349686,103.8738484,22.935,-1.0,-1.0,-1.0
2017-03-24-7-28-28p.m.,1490354908684,1490354908586,2017-03-24-7-28-28p.m.,network,1.3498513,103.8736812,92.9,-1.0,-1.0,-1.0
2017-03-24-7-28-48p.m.,1490354928670,1490354927753,2017-03-24-7-28-47p.m.,network,1.358111,103.8794205,1399.999,-1.0,-1.0,-1.0
2017-03-24-7-29-08p.m.,1490354948566,1490354947820,2017-03-24-7-29-07p.m.,network,1.358111,103.8794205,1399.999,-1.0,-1.0,-1.0
2017-03-24-7-29-28p.m.,1490354968842,1490354968739,2017-03-24-7-29-28p.m.,network,1.3586884,103.8808702,1399.999,-1.0,-1.0,-1.0
2017-03-24-7-29-49p.m.,1490354989343,1490354988967,2017-03-24-7-29-48p.m.,network,1.3586884,103.8808702,1399.999,-1.0,-1.0,-1.0
2017-03-24-7-30-09p.m.,1490355009635,1490355008938,2017-03-24-7-30-08p.m.,network,1.3627832,103.8819575,1799.999,-1.0,-1.0,-1.0
2017-03-24-7-30-29p.m.,1490355029110,1490355028999,2017-03-24-7-30-28p.m.,network,1.3651163,103.8837697,1899.999,-1.0,-1.0,-1.0
2017-03-24-7-30-49p.m.,1490355049075,1490355048996,2017-03-24-7-30-48p.m.,network,1.3726935,103.8906562,1799.999,-1.0,-1.0,-1.0
2017-03-24-7-31-10p.m.,1490355070251,1490355070145,2017-03-24-7-31-10p.m.,network,1.3726935,103.8906562,1799.999,-1.0,-1.0,-1.0
2017-03-24-7-31-41p.m.,1490355101924,1490355098667,2017-03-24-7-31-38p.m.,network,1.3601311,103.8850342,52.4,-1.0,-1.0,-1.0
2017-03-24-7-31-59p.m.,1490355119336,1490355118737,2017-03-24-7-31-58p.m.,network,1.3602367,103.8853554,36.909,-1.0,-1.0,-1.0
2017-03-24-7-32-19p.m.,1490355139223,1490355138744,2017-03-24-7-32-18p.m.,network,1.3601311,103.8850342,24.9,-1.0,-1.0,-1.0
2017-03-24-7-32-59p.m.,1490355179746,1490355179103,2017-03-24-7-32-59p.m.,network,1.384453,103.8950735,1568.0,-1.0,-1.0,-1.0
2017-03-24-7-33-20p.m.,1490355200277,1490355200178,2017-03-24-7-33-20p.m.,network,1.3867304,103.8957306,1500.0,-1.0,-1.0,-1.0
2017-03-24-7-33-40p.m.,1490355220721,1490355220215,2017-03-24-7-33-40p.m.,network,1.384974,103.8953681,1500.0,-1.0,-1.0,-1.0
2017-03-24-7-34-02p.m.,1490355242192,1490355242018,2017-03-24-7-34-02p.m.,network,1.3867304,103.8957306,1500.0,-1.0,-1.0,-1.0
2017-03-24-7-34-22p.m.,1490355262717,1490355262011,2017-03-24-7-34-22p.m.,network,1.384974,103.8953681,1500.0,-1.0,-1.0,-1.0
2017-03-24-7-34-42p.m.,1490355282507,1490355282266,2017-03-24-7-34-42p.m.,network,1.3867304,103.8957306,1500.0,-1.0,-1.0,-1.0
2017-03-24-7-35-02p.m.,1490355302424,1490355302281,2017-03-24-7-35-02p.m.,network,1.3867304,103.8957306,1500.0,-1.0,-1.0,-1.0
2017-03-24-7-35-23p.m.,1490355323802,1490355323333,2017-03-24-7-35-23p.m.,network,1.384974,103.8953681,1500.0,-1.0,-1.0,-1.0
2017-03-24-7-35-43p.m.,1490355343646,1490355343380,2017-03-24-7-35-43p.m.,network,1.3723833,103.8935558,200.0,-1.0,-1.0,-1.0
2017-03-24-7-35-59p.m.,1490355359430,1490355187000,2017-03-24-7-33-07p.m.,gps,1.372211313344667,103.89296409416694,32.0,29.189009276511136,86.9099,0.7969167
2017-03-24-7-36-09p.m.,1490355369431,1490355197000,2017-03-24-7-33-17p.m.,gps,1.372201882356056,103.89296178620059,16.0,29.30067751686064,86.9099,0.789279
2017-03-24-7-36-19p.m.,1490355379436,1490355207000,2017-03-24-7-33-27p.m.,gps,1.3720234641721551,103.89316758600131,16.0,28.12717672345422,136.44788,1.24504E-4
2017-03-24-7-36-30p.m.,1490355390452,1490355218000,2017-03-24-7-33-38p.m.,gps,1.3720099530687406,103.893197025631,32.0,26.45544300936558,136.44788,0.6744123
2017-03-24-7-36-40p.m.,1490355400431,1490355228000,2017-03-24-7-33-48p.m.,gps,1.3719354677420164,103.893206482706,24.0,25.41177793392541,198.53067,0.44244716
2017-03-24-7-36-50p.m.,1490355410425,1490355238000,2017-03-24-7-33-58p.m.,gps,1.371931333045874,103.89324095735864,24.0,24.856512227572388,198.53067,0.33305168
2017-03-24-7-37-00p.m.,1490355420431,1490355248000,2017-03-24-7-34-08p.m.,gps,1.3719755073041913,103.89348136678015,16.0,23.896072111879146,122.5961,0.01879299
2017-03-24-7-37-43p.m.,1490355463780,1490355463679,2017-03-24-7-37-43p.m.,network,1.3726764,103.8935558,600.0,-1.0,-1.0,-1.0
2017-03-24-7-38-03p.m.,1490355483850,1490355483688,2017-03-24-7-38-03p.m.,network,1.3726764,103.8935558,600.0,-1.0,-1.0,-1.0
2017-03-24-7-38-24p.m.,1490355504979,1490355504869,2017-03-24-7-38-24p.m.,network,1.3726764,103.8935558,600.0,-1.0,-1.0,-1.0
2017-03-24-7-38-44p.m.,1490355524941,1490355524836,2017-03-24-7-38-44p.m.,network,1.3726764,103.8935558,600.0,-1.0,-1.0,-1.0
2017-03-24-7-39-05p.m.,1490355545631,1490355545485,2017-03-24-7-39-05p.m.,network,1.3726764,103.8935558,600.0,-1.0,-1.0,-1.0
2017-03-24-7-39-25p.m.,1490355565629,1490355565533,2017-03-24-7-39-25p.m.,network,1.3726764,103.8935558,600.0,-1.0,-1.0,-1.0
2017-03-24-7-39-46p.m.,1490355586563,1490355585296,2017-03-24-7-39-45p.m.,network,1.3722727,103.8936918,21.967,-1.0,-1.0,-1.0
2017-03-24-7-40-05p.m.,1490355605773,1490355599626,2017-03-24-7-39-59p.m.,network,1.3722727,103.8936918,21.959,-1.0,-1.0,-1.0
2017-03-24-7-40-25p.m.,1490355625686,1490355619345,2017-03-24-7-40-19p.m.,network,1.3722727,103.8936918,21.891,-1.0,-1.0,-1.0
2017-03-24-7-40-45p.m.,1490355645847,1490355639357,2017-03-24-7-40-39p.m.,network,1.3722727,103.8936918,22.006,-1.0,-1.0,-1.0
2017-03-24-7-41-05p.m.,1490355665942,1490355659384,2017-03-24-7-40-59p.m.,network,1.3722727,103.8936918,21.916,-1.0,-1.0,-1.0
2017-03-24-7-41-25p.m.,1490355685943,1490355679494,2017-03-24-7-41-19p.m.,network,1.3722727,103.8936918,22.054,-1.0,-1.0,-1.0
2017-03-24-7-41-46p.m.,1490355706053,1490355699551,2017-03-24-7-41-39p.m.,network,1.3722727,103.8936918,21.996,-1.0,-1.0,-1.0
2017-03-24-7-42-06p.m.,1490355726300,1490355719536,2017-03-24-7-41-59p.m.,network,1.3722727,103.8936918,21.977,-1.0,-1.0,-1.0
2017-03-24-7-42-26p.m.,1490355746422,1490355739590,2017-03-24-7-42-19p.m.,network,1.3724192,103.8936918,21.987,-1.0,-1.0,-1.0
2017-03-24-7-42-46p.m.,1490355766373,1490355759670,2017-03-24-7-42-39p.m.,network,1.3726379,103.893873,24.119,-1.0,-1.0,-1.0
2017-03-24-7-43-06p.m.,1490355786444,1490355784753,2017-03-24-7-43-04p.m.,network,1.3727112,103.893873,22.005,-1.0,-1.0,-1.0
2017-03-24-7-43-18p.m.,1490355798673,1490355796924,2017-03-24-7-43-16p.m.,network,1.3727833,103.8940543,22.148,-1.0,-1.0,-1.0
2017-03-24-7-43-25p.m.,1490355805464,1490355633000,2017-03-24-7-40-33p.m.,gps,1.3728933120169076,103.89416853267069,16.0,23.40010027470182,95.278015,0.73944664
2017-03-24-7-43-35p.m.,1490355815446,1490355643000,2017-03-24-7-40-43p.m.,gps,1.372909198757813,103.89432869275677,8.0,23.21369012373582,106.370636,1.3107238
2017-03-24-7-43-45p.m.,1490355825429,1490355653000,2017-03-24-7-40-53p.m.,gps,1.372880264043389,103.8943621041262,16.0,24.44653905375422,173.71057,0.96844894
2017-03-24-7-43-55p.m.,1490355835432,1490355663000,2017-03-24-7-41-03p.m.,gps,1.3728886612053743,103.89440655066814,12.0,27.216459673070027,325.31668,1.270515
2017-03-24-7-44-05p.m.,1490355845431,1490355673000,2017-03-24-7-41-13p.m.,gps,1.3729421997719846,103.8946797937161,16.0,29.17231150009223,86.41807,1.2929423
2017-03-24-7-44-15p.m.,1490355855439,1490355683000,2017-03-24-7-41-23p.m.,gps,1.3729919314980505,103.89483854805975,24.0,27.645628771458142,349.90308,1.1620505
2017-03-24-7-44-25p.m.,1490355865434,1490355693000,2017-03-24-7-41-33p.m.,gps,1.3727913101750258,103.89499078988067,24.0,25.96244340130404,154.82632,0.65936273
2017-03-24-7-44-35p.m.,1490355875433,1490355703000,2017-03-24-7-41-43p.m.,gps,1.3727365062995822,103.8951048031019,48.0,25.13121001292547,152.57097,1.3291367
2017-03-24-7-44-46p.m.,1490355886924,1490355879557,2017-03-24-7-44-39p.m.,network,1.3728881,103.8949151,21.976,-1.0,-1.0,-1.0
2017-03-24-7-45-07p.m.,1490355907001,1490355899657,2017-03-24-7-44-59p.m.,network,1.3727785,103.8948698,23.399,-1.0,-1.0,-1.0
2017-03-24-7-45-27p.m.,1490355927009,1490355919670,2017-03-24-7-45-19p.m.,network,1.3725919,103.8954588,25.719,-1.0,-1.0,-1.0
2017-03-24-7-45-47p.m.,1490355947372,1490355939618,2017-03-24-7-45-39p.m.,network,1.3733602,103.8955947,23.978,-1.0,-1.0,-1.0
2017-03-24-7-46-07p.m.,1490355967405,1490355959678,2017-03-24-7-45-59p.m.,network,1.3730651,103.8959572,22.954,-1.0,-1.0,-1.0
2017-03-24-7-46-27p.m.,1490355987307,1490355979668,2017-03-24-7-46-19p.m.,network,1.3729191,103.8958666,24.005,-1.0,-1.0,-1.0
2017-03-24-7-46-48p.m.,1490356008699,1490355999757,2017-03-24-7-46-39p.m.,network,1.3729186,103.8959572,26.027,-1.0,-1.0,-1.0
2017-03-24-7-47-08p.m.,1490356028622,1490356019814,2017-03-24-7-46-59p.m.,network,1.3728827,103.8958213,35.157,-1.0,-1.0,-1.0
2017-03-24-7-47-28p.m.,1490356048568,1490356039727,2017-03-24-7-47-19p.m.,network,1.3728458,103.8958666,24.592,-1.0,-1.0,-1.0
2017-03-24-7-47-48p.m.,1490356068583,1490356059785,2017-03-24-7-47-39p.m.,network,1.3728458,103.8958666,22.116,-1.0,-1.0,-1.0
2017-03-24-7-48-08p.m.,1490356088902,1490356079813,2017-03-24-7-47-59p.m.,network,1.3728458,103.8958666,22.024,-1.0,-1.0,-1.0
2017-03-24-7-48-29p.m.,1490356109217,1490356099905,2017-03-24-7-48-19p.m.,network,1.3728458,103.8958666,22.013,-1.0,-1.0,-1.0
2017-03-24-7-48-49p.m.,1490356129177,1490356119889,2017-03-24-7-48-39p.m.,network,1.3728458,103.8958666,22.048,-1.0,-1.0,-1.0
2017-03-24-7-49-09p.m.,1490356149184,1490356139979,2017-03-24-7-48-59p.m.,network,1.3727731,103.895776,21.919,-1.0,-1.0,-1.0
2017-03-24-7-49-29p.m.,1490356169190,1490356159944,2017-03-24-7-49-19p.m.,network,1.3727731,103.895776,21.928,-1.0,-1.0,-1.0
2017-03-24-7-49-49p.m.,1490356189552,1490356180086,2017-03-24-7-49-40p.m.,network,1.3728458,103.8958666,23.179,-1.0,-1.0,-1.0
2017-03-24-7-50-09p.m.,1490356209613,1490356200095,2017-03-24-7-50-00p.m.,network,1.3728458,103.8958666,23.175,-1.0,-1.0,-1.0
2017-03-24-7-50-29p.m.,1490356229585,1490356220139,2017-03-24-7-50-20p.m.,network,1.3727731,103.895776,21.867,-1.0,-1.0,-1.0
2017-03-24-7-50-49p.m.,1490356249858,1490356236835,2017-03-24-7-50-36p.m.,network,1.3728458,103.8958666,23.186,-1.0,-1.0,-1.0
2017-03-24-7-51-10p.m.,1490356270048,1490356260256,2017-03-24-7-51-00p.m.,network,1.3728458,103.8958666,23.086,-1.0,-1.0,-1.0
2017-03-24-7-51-29p.m.,1490356289991,1490356280212,2017-03-24-7-51-20p.m.,network,1.3728458,103.8958666,23.16,-1.0,-1.0,-1.0
2017-03-24-7-51-50p.m.,1490356310061,1490356300249,2017-03-24-7-51-40p.m.,network,1.3728458,103.8958666,23.154,-1.0,-1.0,-1.0
2017-03-24-7-52-10p.m.,1490356330388,1490356320314,2017-03-24-7-52-00p.m.,network,1.3728458,103.8958666,23.163,-1.0,-1.0,-1.0
2017-03-24-7-52-30p.m.,1490356350563,1490356350410,2017-03-24-7-52-30p.m.,network,1.3727731,103.895776,21.817,-1.0,-1.0,-1.0
2017-03-24-7-52-51p.m.,1490356371145,1490356370323,2017-03-24-7-52-50p.m.,network,1.3727731,103.895776,22.432,-1.0,-1.0,-1.0
2017-03-24-7-53-12p.m.,1490356392057,1490356390340,2017-03-24-7-53-10p.m.,network,1.3728458,103.8958666,23.171,-1.0,-1.0,-1.0
2017-03-24-7-53-31p.m.,1490356411662,1490356410375,2017-03-24-7-53-30p.m.,network,1.3727731,103.895776,21.934,-1.0,-1.0,-1.0
2017-03-24-7-53-51p.m.,1490356431690,1490356430406,2017-03-24-7-53-50p.m.,network,1.3728458,103.8958666,23.213,-1.0,-1.0,-1.0
2017-03-24-7-54-11p.m.,1490356451784,1490356450409,2017-03-24-7-54-10p.m.,network,1.3727731,103.895776,21.918,-1.0,-1.0,-1.0
2017-03-24-7-54-31p.m.,1490356471776,1490356470395,2017-03-24-7-54-30p.m.,network,1.3728458,103.8958666,23.092,-1.0,-1.0,-1.0
2017-03-24-7-54-51p.m.,1490356491702,1490356490400,2017-03-24-7-54-50p.m.,network,1.3727731,103.895776,22.533,-1.0,-1.0,-1.0
2017-03-24-7-55-11p.m.,1490356511765,1490356510434,2017-03-24-7-55-10p.m.,network,1.3727731,103.895776,21.946,-1.0,-1.0,-1.0
2017-03-24-7-55-31p.m.,1490356531992,1490356530446,2017-03-24-7-55-30p.m.,network,1.3727731,103.895776,21.878,-1.0,-1.0,-1.0
2017-03-24-7-55-53p.m.,1490356553186,1490356550462,2017-03-24-7-55-50p.m.,network,1.3727731,103.895776,21.896,-1.0,-1.0,-1.0
2017-03-24-7-56-13p.m.,1490356573176,1490356570521,2017-03-24-7-56-10p.m.,network,1.3727731,103.895776,21.947,-1.0,-1.0,-1.0
2017-03-24-7-56-33p.m.,1490356593196,1490356590558,2017-03-24-7-56-30p.m.,network,1.3727731,103.895776,21.996,-1.0,-1.0,-1.0
2017-03-24-7-56-53p.m.,1490356613381,1490356610566,2017-03-24-7-56-50p.m.,network,1.3728458,103.8958666,23.176,-1.0,-1.0,-1.0
2017-03-24-7-57-13p.m.,1490356633273,1490356630581,2017-03-24-7-57-10p.m.,network,1.3727731,103.895776,21.972,-1.0,-1.0,-1.0
2017-03-24-7-57-33p.m.,1490356653321,1490356650624,2017-03-24-7-57-30p.m.,network,1.3728458,103.8958666,23.15,-1.0,-1.0,-1.0
2017-03-24-7-57-53p.m.,1490356673431,1490356670617,2017-03-24-7-57-50p.m.,network,1.3728458,103.8958666,23.201,-1.0,-1.0,-1.0
2017-03-24-7-58-13p.m.,1490356693399,1490356690638,2017-03-24-7-58-10p.m.,network,1.3728458,103.8958666,23.178,-1.0,-1.0,-1.0
2017-03-24-7-58-33p.m.,1490356713443,1490356710648,2017-03-24-7-58-30p.m.,network,1.3728458,103.8958666,23.229,-1.0,-1.0,-1.0
2017-03-24-7-58-54p.m.,1490356734515,1490356730668,2017-03-24-7-58-50p.m.,network,1.3728458,103.8958666,23.156,-1.0,-1.0,-1.0
2017-03-24-7-59-14p.m.,1490356754470,1490356750677,2017-03-24-7-59-10p.m.,network,1.3728458,103.8958666,23.216,-1.0,-1.0,-1.0
2017-03-24-7-59-34p.m.,1490356774477,1490356770682,2017-03-24-7-59-30p.m.,network,1.3727731,103.895776,22.394,-1.0,-1.0,-1.0
2017-03-24-7-59-54p.m.,1490356794529,1490356790723,2017-03-24-7-59-50p.m.,network,1.3727731,103.895776,21.915,-1.0,-1.0,-1.0
2017-03-24-8-00-14p.m.,1490356814511,1490356810725,2017-03-24-8-00-10p.m.,network,1.3727731,103.895776,21.942,-1.0,-1.0,-1.0
2017-03-24-8-00-35p.m.,1490356835399,1490356830741,2017-03-24-8-00-30p.m.,network,1.3728458,103.8958666,23.168,-1.0,-1.0,-1.0
2017-03-24-8-00-55p.m.,1490356855227,1490356850747,2017-03-24-8-00-50p.m.,network,1.3728458,103.8958666,23.21,-1.0,-1.0,-1.0
2017-03-24-8-01-15p.m.,1490356875210,1490356870776,2017-03-24-8-01-10p.m.,network,1.3727731,103.895776,22.052,-1.0,-1.0,-1.0
2017-03-24-8-01-35p.m.,1490356895272,1490356890806,2017-03-24-8-01-30p.m.,network,1.3727731,103.895776,21.949,-1.0,-1.0,-1.0
2017-03-24-8-01-56p.m.,1490356916512,1490356910808,2017-03-24-8-01-50p.m.,network,1.3727731,103.895776,21.872,-1.0,-1.0,-1.0
2017-03-24-8-02-16p.m.,1490356936578,1490356930847,2017-03-24-8-02-10p.m.,network,1.3727731,103.895776,21.974,-1.0,-1.0,-1.0
2017-03-24-8-02-36p.m.,1490356956418,1490356950872,2017-03-24-8-02-30p.m.,network,1.3727731,103.895776,21.893,-1.0,-1.0,-1.0
2017-03-24-8-02-56p.m.,1490356976509,1490356970872,2017-03-24-8-02-50p.m.,network,1.3727731,103.895776,21.91,-1.0,-1.0,-1.0
2017-03-24-8-03-16p.m.,1490356996527,1490356990892,2017-03-24-8-03-10p.m.,network,1.3727731,103.895776,21.928,-1.0,-1.0,-1.0
2017-03-24-8-03-36p.m.,1490357016540,1490357010926,2017-03-24-8-03-30p.m.,network,1.3727731,103.895776,21.893,-1.0,-1.0,-1.0
2017-03-24-8-03-56p.m.,1490357036525,1490357030951,2017-03-24-8-03-50p.m.,network,1.3727731,103.895776,21.943,-1.0,-1.0,-1.0
2017-03-24-8-04-16p.m.,1490357056542,1490357050968,2017-03-24-8-04-10p.m.,network,1.3727731,103.895776,21.986,-1.0,-1.0,-1.0
2017-03-24-8-04-36p.m.,1490357076560,1490357070998,2017-03-24-8-04-30p.m.,network,1.3727731,103.895776,21.925,-1.0,-1.0,-1.0
2017-03-24-8-04-57p.m.,1490357097635,1490357091008,2017-03-24-8-04-51p.m.,network,1.3727731,103.895776,21.922,-1.0,-1.0,-1.0
2017-03-24-8-05-17p.m.,1490357117645,1490357111029,2017-03-24-8-05-11p.m.,network,1.3727731,103.895776,21.821,-1.0,-1.0,-1.0
2017-03-24-8-05-36p.m.,1490357136366,1490356963999,2017-03-24-8-02-43p.m.,gps,1.3731547537497342,103.89574470389188,48.0,24.559297803891273,68.01918,0.0
2017-03-24-8-05-46p.m.,1490357146365,1490356973999,2017-03-24-8-02-53p.m.,gps,1.3731487487923377,103.89574087095197,48.0,24.524851629952707,68.01918,0.0
2017-03-24-8-05-57p.m.,1490357157707,1490357151061,2017-03-24-8-05-51p.m.,network,1.3727731,103.895776,21.887,-1.0,-1.0,-1.0
2017-03-24-8-06-12p.m.,1490357172390,1490356999999,2017-03-24-8-03-19p.m.,gps,1.3731407937284674,103.89573944885696,32.0,24.485569198890094,68.01918,0.0
2017-03-24-8-06-17p.m.,1490357177785,1490357171080,2017-03-24-8-06-11p.m.,network,1.3727731,103.895776,21.921,-1.0,-1.0,-1.0
2017-03-24-8-06-32p.m.,1490357192416,1490357019999,2017-03-24-8-03-39p.m.,gps,1.37309659957936,103.89573442004092,24.0,24.48624312965682,68.01918,0.0
2017-03-24-8-06-37p.m.,1490357197925,1490357191071,2017-03-24-8-06-31p.m.,network,1.3727731,103.895776,21.83,-1.0,-1.0,-1.0
2017-03-24-8-06-52p.m.,1490357212388,1490357039999,2017-03-24-8-03-59p.m.,gps,1.3730636952146726,103.89572755218407,16.0,24.368020235171976,68.01918,0.0
2017-03-24-8-06-58p.m.,1490357218062,1490357211078,2017-03-24-8-06-51p.m.,network,1.3727731,103.895776,21.959,-1.0,-1.0,-1.0
2017-03-24-8-07-12p.m.,1490357232387,1490357059999,2017-03-24-8-04-19p.m.,gps,1.3730028458981436,103.89571304486822,32.0,24.102578181256803,68.01918,0.0
2017-03-24-8-07-18p.m.,1490357238088,1490357231104,2017-03-24-8-07-11p.m.,network,1.3727731,103.895776,21.879,-1.0,-1.0,-1.0
2017-03-24-8-07-32p.m.,1490357252388,1490357079999,2017-03-24-8-04-39p.m.,gps,1.3729836229084595,103.89571414227764,24.0,24.115655490286763,68.01918,0.0
2017-03-24-8-07-38p.m.,1490357258148,1490357251147,2017-03-24-8-07-31p.m.,network,1.3727731,103.895776,21.935,-1.0,-1.0,-1.0
2017-03-24-8-07-52p.m.,1490357272389,1490357099999,2017-03-24-8-04-59p.m.,gps,1.3729692446485038,103.89570280516581,24.0,24.084146896330573,68.01918,0.0
2017-03-24-8-07-58p.m.,1490357278144,1490357271149,2017-03-24-8-07-51p.m.,network,1.3727731,103.895776,21.907,-1.0,-1.0,-1.0
2017-03-24-8-08-12p.m.,1490357292391,1490357119999,2017-03-24-8-05-19p.m.,gps,1.372893628418694,103.89564152323427,24.0,24.06987499314945,68.01918,0.0
2017-03-24-8-08-18p.m.,1490357298151,1490357291168,2017-03-24-8-08-11p.m.,network,1.3727731,103.895776,21.906,-1.0,-1.0,-1.0
2017-03-24-8-08-32p.m.,1490357312388,1490357139999,2017-03-24-8-05-39p.m.,gps,1.372890490503825,103.89565100153976,24.0,24.114641907467902,68.01918,0.0
2017-03-24-8-08-38p.m.,1490357318156,1490357311186,2017-03-24-8-08-31p.m.,network,1.3727731,103.895776,21.879,-1.0,-1.0,-1.0
2017-03-24-8-08-55p.m.,1490357335389,1490357162999,2017-03-24-8-06-02p.m.,gps,1.3728709374569568,103.89563433300435,24.0,23.98606859834239,212.10558,0.029532194
2017-03-24-8-09-19p.m.,1490357359443,1490357351309,2017-03-24-8-09-11p.m.,network,1.3728458,103.8958666,21.978,-1.0,-1.0,-1.0
2017-03-24-8-09-38p.m.,1490357378290,1490357371347,2017-03-24-8-09-31p.m.,network,1.3728458,103.8958666,23.145,-1.0,-1.0,-1.0
2017-03-24-8-09-58p.m.,1490357398326,1490357391263,2017-03-24-8-09-51p.m.,network,1.3727731,103.895776,21.853,-1.0,-1.0,-1.0
2017-03-24-8-10-18p.m.,1490357418468,1490357411258,2017-03-24-8-10-11p.m.,network,1.3728458,103.8958666,22.414,-1.0,-1.0,-1.0
2017-03-24-8-10-38p.m.,1490357438394,1490357431313,2017-03-24-8-10-31p.m.,network,1.3727731,103.895776,21.945,-1.0,-1.0,-1.0
2017-03-24-8-10-57p.m.,1490357457399,1490357284999,2017-03-24-8-08-04p.m.,gps,1.3726289091401735,103.89558731969599,32.0,14.755622887197392,298.3028,0.0
2017-03-24-8-11-18p.m.,1490357478529,1490357471405,2017-03-24-8-11-11p.m.,network,1.3727731,103.895776,21.897,-1.0,-1.0,-1.0
2017-03-24-8-11-34p.m.,1490357494383,1490357321999,2017-03-24-8-08-41p.m.,gps,1.372944548894562,103.89565590004321,32.0,40.02794171198261,348.13968,0.35026234
2017-03-24-8-11-44p.m.,1490357504514,1490357331999,2017-03-24-8-08-51p.m.,gps,1.3729445488941423,103.89565590004331,32.0,39.1486602666826,348.13968,2.8075837E-4
2017-03-24-8-11-55p.m.,1490357515380,1490357342999,2017-03-24-8-09-02p.m.,gps,1.3729377188243859,103.89568788270273,32.0,36.527248699808396,117.566025,0.6417334
2017-03-24-8-12-20p.m.,1490357540361,1490357531390,2017-03-24-8-12-11p.m.,network,1.3727731,103.895776,21.852,-1.0,-1.0,-1.0
2017-03-24-8-12-40p.m.,1490357560702,1490357551419,2017-03-24-8-12-31p.m.,network,1.3727731,103.895776,21.874,-1.0,-1.0,-1.0
2017-03-24-8-13-00p.m.,1490357580715,1490357571489,2017-03-24-8-12-51p.m.,network,1.3728458,103.8958666,23.133,-1.0,-1.0,-1.0
2017-03-24-8-13-21p.m.,1490357601681,1490357601509,2017-03-24-8-13-21p.m.,network,1.3727731,103.895776,21.928,-1.0,-1.0,-1.0
2017-03-24-8-13-41p.m.,1490357621724,1490357621555,2017-03-24-8-13-41p.m.,network,1.3727731,103.895776,21.881,-1.0,-1.0,-1.0
2017-03-24-8-14-01p.m.,1490357641666,1490357641574,2017-03-24-8-14-01p.m.,network,1.3727731,103.895776,21.892,-1.0,-1.0,-1.0
2017-03-24-8-14-21p.m.,1490357661665,1490357661578,2017-03-24-8-14-21p.m.,network,1.3727731,103.895776,21.857,-1.0,-1.0,-1.0
2017-03-24-8-14-41p.m.,1490357681739,1490357681574,2017-03-24-8-14-41p.m.,network,1.3728458,103.8958666,23.183,-1.0,-1.0,-1.0
2017-03-24-8-15-01p.m.,1490357701900,1490357701706,2017-03-24-8-15-01p.m.,network,1.3727731,103.895776,21.873,-1.0,-1.0,-1.0
2017-03-24-8-15-21p.m.,1490357721898,1490357721649,2017-03-24-8-15-21p.m.,network,1.3727731,103.895776,21.924,-1.0,-1.0,-1.0
2017-03-24-8-15-41p.m.,1490357741911,1490357741654,2017-03-24-8-15-41p.m.,network,1.3727731,103.895776,21.832,-1.0,-1.0,-1.0
2017-03-24-8-16-01p.m.,1490357761943,1490357761639,2017-03-24-8-16-01p.m.,network,1.3728458,103.8958666,23.048,-1.0,-1.0,-1.0
2017-03-24-8-16-21p.m.,1490357781944,1490357781779,2017-03-24-8-16-21p.m.,network,1.3728458,103.8958666,23.199,-1.0,-1.0,-1.0
2017-03-24-8-16-34p.m.,1490357794461,1490357621999,2017-03-24-8-13-41p.m.,gps,1.3725948896639595,103.89582472179005,32.0,22.062500579333975,117.566025,0.0
2017-03-24-8-16-43p.m.,1490357803115,1490357801780,2017-03-24-8-16-41p.m.,network,1.3727731,103.895776,21.798,-1.0,-1.0,-1.0
2017-03-24-8-17-03p.m.,1490357823158,1490357821729,2017-03-24-8-17-01p.m.,network,1.3727731,103.895776,21.951,-1.0,-1.0,-1.0
2017-03-24-8-17-23p.m.,1490357843142,1490357841737,2017-03-24-8-17-21p.m.,network,1.3727731,103.895776,21.961,-1.0,-1.0,-1.0
2017-03-24-8-17-34p.m.,1490357854375,1490357681999,2017-03-24-8-14-41p.m.,gps,1.3726712398792644,103.89573630936754,24.0,22.308618381173865,117.566025,0.0
2017-03-24-8-17-43p.m.,1490357863170,1490357861760,2017-03-24-8-17-41p.m.,network,1.3728458,103.8958666,23.0,-1.0,-1.0,-1.0
2017-03-24-8-17-54p.m.,1490357874374,1490357701999,2017-03-24-8-15-01p.m.,gps,1.372697870105959,103.89573229503301,32.0,22.324756915116176,117.566025,0.0
2017-03-24-8-18-03p.m.,1490357883294,1490357881786,2017-03-24-8-18-01p.m.,network,1.3727731,103.895776,21.908,-1.0,-1.0,-1.0
2017-03-24-8-18-23p.m.,1490357903241,1490357901836,2017-03-24-8-18-21p.m.,network,1.3727731,103.895776,21.854,-1.0,-1.0,-1.0
2017-03-24-8-18-43p.m.,1490357923371,1490357750999,2017-03-24-8-15-50p.m.,gps,1.3727084882817742,103.89583041351229,24.0,25.581517527401868,37.906765,0.0
2017-03-24-8-18-53p.m.,1490357933376,1490357760999,2017-03-24-8-16-00p.m.,gps,1.3725308300709347,103.89578370065577,16.0,25.62298769654696,37.906765,0.0
2017-03-24-8-19-03p.m.,1490357943379,1490357770999,2017-03-24-8-16-10p.m.,gps,1.3724831169546348,103.89579136235479,32.0,25.602291208471406,37.906765,0.0
2017-03-24-8-19-15p.m.,1490357955375,1490357782999,2017-03-24-8-16-22p.m.,gps,1.3724766464220939,103.89579516533433,16.0,25.56267864061195,37.906765,0.0
2017-03-24-8-19-24p.m.,1490357964358,1490357961945,2017-03-24-8-19-21p.m.,network,1.3728458,103.8958666,23.14,-1.0,-1.0,-1.0
2017-03-24-8-19-45p.m.,1490357985224,1490357981970,2017-03-24-8-19-41p.m.,network,1.3728458,103.8958666,23.078,-1.0,-1.0,-1.0
2017-03-24-8-20-04p.m.,1490358004388,1490357831999,2017-03-24-8-17-11p.m.,gps,1.3725927354495266,103.89566287432305,24.0,25.347492405851625,293.3966,0.0
2017-03-24-8-20-14p.m.,1490358014370,1490357841999,2017-03-24-8-17-21p.m.,gps,1.3726539915119684,103.89576394163694,24.0,25.461867050135762,32.64917,0.0
2017-03-24-8-20-24p.m.,1490358024374,1490357851999,2017-03-24-8-17-31p.m.,gps,1.372711443580355,103.89580731772689,24.0,25.462899668418356,32.64917,0.0
2017-03-24-8-20-34p.m.,1490358034374,1490357861999,2017-03-24-8-17-41p.m.,gps,1.37270728737773,103.89580774224585,32.0,25.376442445903827,32.64917,0.0
2017-03-24-8-20-45p.m.,1490358045406,1490358042088,2017-03-24-8-20-42p.m.,network,1.3728458,103.8958666,23.197,-1.0,-1.0,-1.0
2017-03-24-8-21-05p.m.,1490358065724,1490358062143,2017-03-24-8-21-02p.m.,network,1.3727731,103.895776,21.858,-1.0,-1.0,-1.0
2017-03-24-8-21-13p.m.,1490358073401,1490357900999,2017-03-24-8-18-20p.m.,gps,1.372612853672719,103.89567118575326,24.0,23.590729065317486,332.06628,0.0
2017-03-24-8-21-24p.m.,1490358084445,1490357911999,2017-03-24-8-18-31p.m.,gps,1.3725111408643753,103.89579163968561,32.0,23.812674565721547,332.06628,0.0
2017-03-24-8-21-45p.m.,1490358105379,1490357932999,2017-03-24-8-18-52p.m.,gps,1.3726787948745156,103.89573626480289,24.0,23.88332315244049,332.06628,0.0
2017-03-24-8-21-55p.m.,1490358115374,1490357942999,2017-03-24-8-19-02p.m.,gps,1.372733091597748,103.89575256122748,16.0,23.908887100524257,332.06628,0.0
2017-03-24-8-22-05p.m.,1490358125363,1490357952999,2017-03-24-8-19-12p.m.,gps,1.372653714662212,103.89568129743844,16.0,23.80037768319739,332.06628,0.0
2017-03-24-8-22-25p.m.,1490358145724,1490358142181,2017-03-24-8-22-22p.m.,network,1.3727731,103.895776,21.935,-1.0,-1.0,-1.0
2017-03-24-8-22-46p.m.,1490358166424,1490357993999,2017-03-24-8-19-53p.m.,gps,1.372582061514259,103.8957954012678,24.0,22.264111282396954,122.894,0.0
2017-03-24-8-23-06p.m.,1490358186876,1490358182233,2017-03-24-8-23-02p.m.,network,1.3727731,103.895776,21.928,-1.0,-1.0,-1.0
2017-03-24-8-23-26p.m.,1490358206806,1490358202273,2017-03-24-8-23-22p.m.,network,1.3727731,103.895776,21.959,-1.0,-1.0,-1.0
2017-03-24-8-23-46p.m.,1490358226943,1490358222223,2017-03-24-8-23-42p.m.,network,1.3727731,103.895776,21.878,-1.0,-1.0,-1.0
2017-03-24-8-24-06p.m.,1490358246978,1490358242383,2017-03-24-8-24-02p.m.,network,1.3727731,103.895776,21.898,-1.0,-1.0,-1.0
2017-03-24-8-24-26p.m.,1490358266985,1490358262381,2017-03-24-8-24-22p.m.,network,1.3727731,103.895776,21.918,-1.0,-1.0,-1.0
2017-03-24-8-24-46p.m.,1490358286977,1490358282349,2017-03-24-8-24-42p.m.,network,1.3727731,103.895776,21.915,-1.0,-1.0,-1.0
2017-03-24-8-25-07p.m.,1490358307159,1490358302398,2017-03-24-8-25-02p.m.,network,1.3727731,103.895776,21.964,-1.0,-1.0,-1.0
2017-03-24-8-25-27p.m.,1490358327118,1490358322412,2017-03-24-8-25-22p.m.,network,1.3727731,103.895776,21.898,-1.0,-1.0,-1.0
2017-03-24-8-25-47p.m.,1490358347122,1490358342377,2017-03-24-8-25-42p.m.,network,1.3727731,103.895776,21.854,-1.0,-1.0,-1.0
2017-03-24-8-26-07p.m.,1490358367578,1490358362645,2017-03-24-8-26-02p.m.,network,1.3727731,103.895776,21.884,-1.0,-1.0,-1.0
2017-03-24-8-26-27p.m.,1490358387769,1490358382441,2017-03-24-8-26-22p.m.,network,1.3727731,103.895776,21.935,-1.0,-1.0,-1.0
2017-03-24-8-26-47p.m.,1490358407984,1490358402527,2017-03-24-8-26-42p.m.,network,1.3727731,103.895776,21.888,-1.0,-1.0,-1.0
2017-03-24-8-27-08p.m.,1490358428022,1490358422574,2017-03-24-8-27-02p.m.,network,1.3727731,103.895776,21.797,-1.0,-1.0,-1.0
2017-03-24-8-27-28p.m.,1490358448001,1490358442602,2017-03-24-8-27-22p.m.,network,1.3727731,103.895776,21.874,-1.0,-1.0,-1.0
2017-03-24-8-27-48p.m.,1490358468051,1490358462587,2017-03-24-8-27-42p.m.,network,1.3727731,103.895776,21.878,-1.0,-1.0,-1.0
