2017-03-24-6-06-10p.m.,1490349970247,8.0,3
2017-03-24-6-06-10p.m.,1490349970268,8.0,3
2017-03-24-6-09-07p.m.,1490350147960,0.0,3
2017-03-24-6-09-08p.m.,1490350148113,8.0,3
2017-03-24-6-09-10p.m.,1490350150938,0.0,3
2017-03-24-6-09-12p.m.,1490350152218,8.0,3
2017-03-24-6-10-21p.m.,1490350221240,0.0,3
2017-03-24-6-10-21p.m.,1490350221417,8.0,3
2017-03-24-6-10-37p.m.,1490350237587,0.0,3
2017-03-24-6-10-37p.m.,1490350237764,8.0,3
2017-03-24-6-13-07p.m.,1490350387179,0.0,3
2017-03-24-6-13-07p.m.,1490350387320,8.0,3
2017-03-24-6-36-46p.m.,1490351806641,0.0,3
2017-03-24-6-36-50p.m.,1490351810565,8.0,3
2017-03-24-6-37-14p.m.,1490351834322,0.0,3
2017-03-24-6-37-14p.m.,1490351834461,8.0,3
2017-03-24-6-37-14p.m.,1490351834616,0.0,3
2017-03-24-6-37-14p.m.,1490351834892,8.0,3
2017-03-24-6-37-15p.m.,1490351835305,0.0,3
2017-03-24-6-37-15p.m.,1490351835914,8.0,3
2017-03-24-6-37-16p.m.,1490351836249,0.0,3
2017-03-24-6-37-16p.m.,1490351836856,8.0,3
2017-03-24-6-37-17p.m.,1490351837682,0.0,3
2017-03-24-6-37-17p.m.,1490351837780,8.0,3
2017-03-24-6-37-18p.m.,1490351838585,0.0,3
2017-03-24-6-37-18p.m.,1490351838742,8.0,3
2017-03-24-6-37-19p.m.,1490351839507,0.0,3
2017-03-24-6-37-19p.m.,1490351839745,8.0,3
2017-03-24-6-37-20p.m.,1490351840706,0.0,3
2017-03-24-6-37-22p.m.,1490351842022,8.0,3
2017-03-24-6-37-22p.m.,1490351842731,0.0,3
2017-03-24-6-37-23p.m.,1490351843026,8.0,3
2017-03-24-6-37-27p.m.,1490351847055,0.0,3
2017-03-24-6-37-28p.m.,1490351848563,8.0,3
2017-03-24-6-37-30p.m.,1490351850312,0.0,3
2017-03-24-6-37-30p.m.,1490351850471,8.0,3
2017-03-24-6-37-36p.m.,1490351856454,0.0,3
2017-03-24-6-37-36p.m.,1490351856573,8.0,3
2017-03-24-6-37-39p.m.,1490351859342,0.0,3
2017-03-24-6-37-39p.m.,1490351859540,8.0,3
2017-03-24-6-37-40p.m.,1490351860403,0.0,3
2017-03-24-6-37-40p.m.,1490351860502,8.0,3
2017-03-24-6-37-41p.m.,1490351861405,0.0,3
2017-03-24-6-37-41p.m.,1490351861502,8.0,3
2017-03-24-6-37-42p.m.,1490351862975,0.0,3
2017-03-24-6-37-43p.m.,1490351863112,8.0,3
2017-03-24-6-37-43p.m.,1490351863386,0.0,3
2017-03-24-6-37-43p.m.,1490351863585,8.0,3
2017-03-24-6-37-44p.m.,1490351864387,0.0,3
2017-03-24-6-37-44p.m.,1490351864565,8.0,3
2017-03-24-6-37-45p.m.,1490351865413,0.0,3
2017-03-24-6-37-45p.m.,1490351865526,8.0,3
2017-03-24-6-37-46p.m.,1490351866400,0.0,3
2017-03-24-6-37-46p.m.,1490351866527,8.0,3
2017-03-24-6-37-47p.m.,1490351867256,0.0,3
2017-03-24-6-37-47p.m.,1490351867588,8.0,3
2017-03-24-6-37-52p.m.,1490351872341,0.0,3
2017-03-24-6-37-52p.m.,1490351872458,8.0,3
2017-03-24-6-37-53p.m.,1490351873364,0.0,3
2017-03-24-6-37-53p.m.,1490351873482,8.0,3
2017-03-24-6-37-57p.m.,1490351877397,0.0,3
2017-03-24-6-37-57p.m.,1490351877550,8.0,3
2017-03-24-6-38-00p.m.,1490351880414,0.0,3
2017-03-24-6-38-00p.m.,1490351880551,8.0,3
2017-03-24-6-38-06p.m.,1490351886521,0.0,3
2017-03-24-6-38-06p.m.,1490351886641,8.0,3
2017-03-24-6-38-07p.m.,1490351887035,0.0,3
2017-03-24-6-38-07p.m.,1490351887232,8.0,3
2017-03-24-6-38-07p.m.,1490351887563,0.0,3
2017-03-24-6-38-07p.m.,1490351887701,8.0,3
2017-03-24-6-38-08p.m.,1490351888565,0.0,3
2017-03-24-6-38-08p.m.,1490351888741,8.0,3
2017-03-24-6-38-09p.m.,1490351889194,0.0,3
2017-03-24-6-38-09p.m.,1490351889802,8.0,3
2017-03-24-6-38-10p.m.,1490351890686,0.0,3
2017-03-24-6-38-10p.m.,1490351890887,8.0,3
2017-03-24-6-38-11p.m.,1490351891766,0.0,3
2017-03-24-6-38-11p.m.,1490351891945,8.0,3
2017-03-24-6-38-12p.m.,1490351892847,0.0,3
2017-03-24-6-38-13p.m.,1490351893007,8.0,3
2017-03-24-6-38-13p.m.,1490351893928,0.0,3
2017-03-24-6-38-14p.m.,1490351894028,8.0,3
2017-03-24-6-38-14p.m.,1490351894991,0.0,3
2017-03-24-6-38-15p.m.,1490351895086,8.0,3
2017-03-24-6-38-15p.m.,1490351895990,0.0,3
2017-03-24-6-38-16p.m.,1490351896167,8.0,3
2017-03-24-6-38-18p.m.,1490351898075,0.0,3
2017-03-24-6-38-18p.m.,1490351898210,8.0,3
2017-03-24-6-38-19p.m.,1490351899076,0.0,3
2017-03-24-6-38-19p.m.,1490351899318,8.0,3
2017-03-24-6-39-05p.m.,1490351945900,0.0,3
2017-03-24-6-43-07p.m.,1490352187095,8.0,3
2017-03-24-6-43-08p.m.,1490352188116,0.0,3
2017-03-24-6-43-10p.m.,1490352190552,8.0,3
2017-03-24-6-43-10p.m.,1490352190692,0.0,3
2017-03-24-6-43-10p.m.,1490352190926,8.0,3
2017-03-24-6-47-49p.m.,1490352469964,0.0,3
2017-03-24-6-47-50p.m.,1490352470442,8.0,3
2017-03-24-6-48-03p.m.,1490352483362,0.0,3
2017-03-24-6-48-03p.m.,1490352483421,8.0,3
2017-03-24-6-48-17p.m.,1490352497331,0.0,3
2017-03-24-6-48-17p.m.,1490352497388,8.0,3
2017-03-24-6-48-23p.m.,1490352503671,0.0,3
2017-03-24-6-48-23p.m.,1490352503821,8.0,3
2017-03-24-6-48-24p.m.,1490352504431,0.0,3
2017-03-24-6-48-24p.m.,1490352504487,8.0,3
2017-03-24-6-49-07p.m.,1490352547259,0.0,3
2017-03-24-6-49-07p.m.,1490352547615,8.0,3
2017-03-24-6-49-09p.m.,1490352549675,0.0,3
2017-03-24-6-49-31p.m.,1490352571891,8.0,3
2017-03-24-6-54-26p.m.,1490352866638,0.0,3
2017-03-24-6-54-26p.m.,1490352866824,8.0,3
2017-03-24-6-54-27p.m.,1490352867184,0.0,3
2017-03-24-6-54-27p.m.,1490352867316,8.0,3
2017-03-24-6-54-29p.m.,1490352869805,0.0,3
2017-03-24-6-54-30p.m.,1490352870002,8.0,3
2017-03-24-6-54-30p.m.,1490352870686,0.0,3
2017-03-24-6-54-31p.m.,1490352871022,8.0,3
2017-03-24-6-54-31p.m.,1490352871607,0.0,3
2017-03-24-6-54-31p.m.,1490352871862,8.0,3
2017-03-24-6-54-32p.m.,1490352872593,0.0,3
2017-03-24-6-54-32p.m.,1490352872648,8.0,3
2017-03-24-6-54-33p.m.,1490352873527,0.0,3
2017-03-24-6-54-33p.m.,1490352873605,8.0,3
2017-03-24-6-54-34p.m.,1490352874527,0.0,3
2017-03-24-6-54-34p.m.,1490352874611,8.0,3
2017-03-24-6-54-36p.m.,1490352876466,0.0,3
2017-03-24-6-54-36p.m.,1490352876606,8.0,3
2017-03-24-6-54-37p.m.,1490352877613,0.0,3
2017-03-24-6-54-37p.m.,1490352877623,8.0,3
2017-03-24-6-54-38p.m.,1490352878392,0.0,3
2017-03-24-6-54-38p.m.,1490352878712,8.0,3
2017-03-24-6-54-39p.m.,1490352879350,0.0,3
2017-03-24-6-54-39p.m.,1490352879604,8.0,3
2017-03-24-6-54-40p.m.,1490352880283,0.0,3
2017-03-24-6-54-40p.m.,1490352880508,8.0,3
2017-03-24-6-54-41p.m.,1490352881248,0.0,3
2017-03-24-6-54-41p.m.,1490352881316,8.0,3
2017-03-24-6-54-45p.m.,1490352885227,0.0,3
2017-03-24-6-54-45p.m.,1490352885405,8.0,3
2017-03-24-6-54-47p.m.,1490352887933,0.0,3
2017-03-24-6-54-48p.m.,1490352888029,8.0,3
2017-03-24-6-54-51p.m.,1490352891812,0.0,3
2017-03-24-6-54-51p.m.,1490352891929,8.0,3
2017-03-24-6-55-00p.m.,1490352900415,0.0,3
2017-03-24-6-55-00p.m.,1490352900583,8.0,3
2017-03-24-6-55-02p.m.,1490352902355,0.0,3
2017-03-24-6-55-02p.m.,1490352902434,8.0,3
2017-03-24-6-55-03p.m.,1490352903355,0.0,3
2017-03-24-6-55-03p.m.,1490352903393,8.0,3
2017-03-24-6-55-03p.m.,1490352903785,0.0,3
2017-03-24-6-55-03p.m.,1490352903847,8.0,3
2017-03-24-6-55-04p.m.,1490352904527,0.0,3
2017-03-24-6-55-04p.m.,1490352904537,8.0,3
2017-03-24-6-55-04p.m.,1490352904686,0.0,3
2017-03-24-6-55-04p.m.,1490352904806,8.0,3
2017-03-24-6-55-05p.m.,1490352905355,0.0,3
2017-03-24-6-55-05p.m.,1490352905533,8.0,3
2017-03-24-6-55-05p.m.,1490352905706,0.0,3
2017-03-24-6-55-05p.m.,1490352905766,8.0,3
2017-03-24-6-55-06p.m.,1490352906295,0.0,3
2017-03-24-6-55-06p.m.,1490352906413,8.0,3
2017-03-24-6-55-07p.m.,1490352907256,0.0,3
2017-03-24-6-55-07p.m.,1490352907522,8.0,3
2017-03-24-6-55-07p.m.,1490352907688,0.0,3
2017-03-24-6-55-07p.m.,1490352907765,8.0,3
2017-03-24-6-55-08p.m.,1490352908260,0.0,3
2017-03-24-6-55-08p.m.,1490352908394,8.0,3
2017-03-24-6-55-09p.m.,1490352909311,0.0,3
2017-03-24-6-55-09p.m.,1490352909373,8.0,3
2017-03-24-6-55-10p.m.,1490352910294,0.0,3
2017-03-24-6-55-10p.m.,1490352910412,8.0,3
2017-03-24-6-55-10p.m.,1490352910665,0.0,3
2017-03-24-6-55-10p.m.,1490352910746,8.0,3
2017-03-24-6-55-11p.m.,1490352911293,0.0,3
2017-03-24-6-55-11p.m.,1490352911413,8.0,3
2017-03-24-6-55-11p.m.,1490352911645,0.0,3
2017-03-24-6-55-11p.m.,1490352911736,8.0,3
2017-03-24-6-55-12p.m.,1490352912236,0.0,3
2017-03-24-6-55-12p.m.,1490352912357,8.0,3
2017-03-24-6-55-13p.m.,1490352913195,0.0,3
2017-03-24-6-55-13p.m.,1490352913313,8.0,3
2017-03-24-6-55-14p.m.,1490352914156,0.0,3
2017-03-24-6-55-14p.m.,1490352914301,8.0,3
2017-03-24-6-55-15p.m.,1490352915175,0.0,3
2017-03-24-6-55-15p.m.,1490352915318,8.0,3
2017-03-24-6-55-15p.m.,1490352915625,0.0,3
2017-03-24-6-55-15p.m.,1490352915685,8.0,3
2017-03-24-6-55-16p.m.,1490352916175,0.0,3
2017-03-24-6-55-16p.m.,1490352916273,8.0,3
2017-03-24-6-55-16p.m.,1490352916666,0.0,3
2017-03-24-6-55-16p.m.,1490352916723,8.0,3
2017-03-24-6-55-17p.m.,1490352917254,0.0,3
2017-03-24-6-55-17p.m.,1490352917401,8.0,3
2017-03-24-6-55-17p.m.,1490352917753,0.0,3
2017-03-24-6-55-17p.m.,1490352917813,8.0,3
2017-03-24-6-55-18p.m.,1490352918313,0.0,3
2017-03-24-6-55-18p.m.,1490352918452,8.0,3
2017-03-24-6-55-18p.m.,1490352918776,0.0,3
2017-03-24-6-55-18p.m.,1490352918815,8.0,3
2017-03-24-6-55-19p.m.,1490352919783,0.0,3
2017-03-24-6-55-19p.m.,1490352919869,8.0,3
2017-03-24-6-55-20p.m.,1490352920385,0.0,3
2017-03-24-6-55-20p.m.,1490352920469,8.0,3
2017-03-24-6-55-20p.m.,1490352920795,0.0,3
2017-03-24-6-55-20p.m.,1490352920865,8.0,3
2017-03-24-6-55-21p.m.,1490352921319,0.0,3
2017-03-24-6-55-21p.m.,1490352921434,8.0,3
2017-03-24-6-55-21p.m.,1490352921790,0.0,3
2017-03-24-6-55-21p.m.,1490352921843,8.0,3
2017-03-24-6-55-22p.m.,1490352922332,0.0,3
2017-03-24-6-55-22p.m.,1490352922429,8.0,3
2017-03-24-6-55-23p.m.,1490352923375,0.0,3
2017-03-24-6-55-23p.m.,1490352923567,8.0,3
2017-03-24-6-55-24p.m.,1490352924416,0.0,3
2017-03-24-6-55-24p.m.,1490352924825,8.0,3
2017-03-24-6-55-25p.m.,1490352925377,0.0,3
2017-03-24-6-55-25p.m.,1490352925922,8.0,3
2017-03-24-6-55-26p.m.,1490352926533,0.0,3
2017-03-24-6-55-26p.m.,1490352926668,8.0,3
2017-03-24-6-55-26p.m.,1490352926880,0.0,3
2017-03-24-6-55-26p.m.,1490352926979,8.0,3
2017-03-24-6-55-27p.m.,1490352927452,0.0,3
2017-03-24-6-55-27p.m.,1490352927722,8.0,3
2017-03-24-6-55-27p.m.,1490352927902,0.0,3
2017-03-24-6-55-27p.m.,1490352927957,8.0,3
2017-03-24-6-55-28p.m.,1490352928467,0.0,3
2017-03-24-6-55-28p.m.,1490352928938,8.0,3
2017-03-24-6-55-29p.m.,1490352929427,0.0,3
2017-03-24-6-55-29p.m.,1490352929614,8.0,3
2017-03-24-6-55-29p.m.,1490352929879,0.0,3
2017-03-24-6-55-29p.m.,1490352929975,8.0,3
2017-03-24-6-55-30p.m.,1490352930467,0.0,3
2017-03-24-6-55-30p.m.,1490352930662,8.0,3
2017-03-24-6-55-31p.m.,1490352931487,0.0,3
2017-03-24-6-55-31p.m.,1490352931663,8.0,3
2017-03-24-6-55-32p.m.,1490352932446,0.0,3
2017-03-24-6-55-32p.m.,1490352932965,8.0,3
2017-03-24-6-55-33p.m.,1490352933444,0.0,3
2017-03-24-6-55-33p.m.,1490352933714,8.0,3
2017-03-24-6-55-33p.m.,1490352933818,0.0,3
2017-03-24-6-55-33p.m.,1490352933936,8.0,3
2017-03-24-6-55-34p.m.,1490352934445,0.0,3
2017-03-24-6-55-34p.m.,1490352934649,8.0,3
2017-03-24-6-55-34p.m.,1490352934786,0.0,3
2017-03-24-6-55-34p.m.,1490352934861,8.0,3
2017-03-24-6-55-35p.m.,1490352935374,0.0,3
2017-03-24-6-55-35p.m.,1490352935533,8.0,3
2017-03-24-6-55-35p.m.,1490352935798,0.0,3
2017-03-24-6-55-35p.m.,1490352935877,8.0,3
2017-03-24-6-55-39p.m.,1490352939817,0.0,3
2017-03-24-6-55-39p.m.,1490352939896,8.0,3
2017-03-24-6-55-40p.m.,1490352940824,0.0,3
2017-03-24-6-55-40p.m.,1490352940895,8.0,3
2017-03-24-6-55-41p.m.,1490352941856,0.0,3
2017-03-24-6-55-41p.m.,1490352941916,8.0,3
2017-03-24-6-55-47p.m.,1490352947345,0.0,3
2017-03-24-6-55-47p.m.,1490352947451,8.0,3
2017-03-24-6-55-49p.m.,1490352949294,0.0,3
2017-03-24-6-55-49p.m.,1490352949550,8.0,3
2017-03-24-6-55-50p.m.,1490352950226,0.0,3
2017-03-24-6-55-50p.m.,1490352950325,8.0,3
2017-03-24-6-55-51p.m.,1490352951246,0.0,3
2017-03-24-6-55-51p.m.,1490352951423,8.0,3
2017-03-24-6-55-52p.m.,1490352952234,0.0,3
2017-03-24-6-55-52p.m.,1490352952384,8.0,3
2017-03-24-6-55-52p.m.,1490352952648,0.0,3
2017-03-24-6-55-52p.m.,1490352952707,8.0,3
2017-03-24-6-55-53p.m.,1490352953266,0.0,3
2017-03-24-6-55-53p.m.,1490352953473,8.0,3
2017-03-24-6-55-54p.m.,1490352954246,0.0,3
2017-03-24-6-55-54p.m.,1490352954442,8.0,3
2017-03-24-6-56-44p.m.,1490353004163,0.0,3
2017-03-24-6-56-44p.m.,1490353004752,8.0,3
2017-03-24-6-56-51p.m.,1490353011132,0.0,3
2017-03-24-6-56-51p.m.,1490353011203,8.0,3
2017-03-24-6-57-11p.m.,1490353031192,0.0,3
2017-03-24-6-57-12p.m.,1490353032470,8.0,3
2017-03-24-6-57-12p.m.,1490353032933,0.0,3
2017-03-24-6-57-13p.m.,1490353033386,8.0,3
2017-03-24-6-59-03p.m.,1490353143973,0.0,3
2017-03-24-6-59-49p.m.,1490353189380,8.0,3
2017-03-24-6-59-51p.m.,1490353191892,0.0,3
2017-03-24-7-00-01p.m.,1490353201973,8.0,3
2017-03-24-7-12-10p.m.,1490353930179,0.0,3
2017-03-24-7-12-11p.m.,1490353931020,8.0,3
2017-03-24-7-12-11p.m.,1490353931116,0.0,3
2017-03-24-7-12-11p.m.,1490353931605,8.0,3
2017-03-24-7-12-12p.m.,1490353932321,0.0,3
2017-03-24-7-12-12p.m.,1490353932369,8.0,3
2017-03-24-7-24-10p.m.,1490354650149,0.0,3
2017-03-24-7-24-10p.m.,1490354650278,8.0,3
2017-03-24-7-24-10p.m.,1490354650317,0.0,3
2017-03-24-7-24-19p.m.,1490354659789,8.0,3
2017-03-24-7-24-21p.m.,1490354661284,0.0,3
2017-03-24-7-24-21p.m.,1490354661440,8.0,3
2017-03-24-7-24-21p.m.,1490354661673,0.0,3
2017-03-24-7-24-23p.m.,1490354663483,8.0,3
2017-03-24-7-24-25p.m.,1490354665839,0.0,3
2017-03-24-7-24-25p.m.,1490354665903,8.0,3
2017-03-24-7-29-00p.m.,1490354940516,0.0,3
2017-03-24-7-29-10p.m.,1490354950876,8.0,3
2017-03-24-7-29-34p.m.,1490354974406,0.0,3
2017-03-24-7-30-02p.m.,1490355002646,8.0,3
2017-03-24-7-31-36p.m.,1490355096732,0.0,3
2017-03-24-7-31-58p.m.,1490355118284,8.0,3
2017-03-24-7-33-49p.m.,1490355229567,0.0,3
2017-03-24-7-34-00p.m.,1490355240147,8.0,3
2017-03-24-7-37-02p.m.,1490355422818,0.0,3
2017-03-24-7-37-02p.m.,1490355422916,8.0,3
2017-03-24-7-39-17p.m.,1490355557255,0.0,3
2017-03-24-7-39-17p.m.,1490355557380,8.0,3
2017-03-24-7-41-37p.m.,1490355697785,0.0,3
2017-03-24-7-41-37p.m.,1490355697936,8.0,3
2017-03-24-7-44-33p.m.,1490355873220,0.0,3
2017-03-24-7-48-45p.m.,1490356125645,8.0,3
2017-03-24-7-50-29p.m.,1490356229070,0.0,3
2017-03-24-7-50-29p.m.,1490356229529,8.0,3
2017-03-24-7-51-57p.m.,1490356317323,0.0,3
2017-03-24-7-51-57p.m.,1490356317618,8.0,3
2017-03-24-7-51-57p.m.,1490356317871,0.0,3
2017-03-24-7-51-58p.m.,1490356318783,8.0,3
2017-03-24-7-52-00p.m.,1490356320621,0.0,3
2017-03-24-7-52-14p.m.,1490356334923,8.0,3
2017-03-24-7-52-15p.m.,1490356335131,0.0,3
2017-03-24-7-52-18p.m.,1490356338039,8.0,3
2017-03-24-8-04-22p.m.,1490357062329,0.0,3
2017-03-24-8-04-22p.m.,1490357062623,8.0,3
2017-03-24-8-09-59p.m.,1490357399833,0.0,3
2017-03-24-8-10-14p.m.,1490357414317,8.0,3
2017-03-24-8-10-14p.m.,1490357414396,0.0,3
2017-03-24-8-10-16p.m.,1490357416480,8.0,3
2017-03-24-8-10-29p.m.,1490357429027,0.0,3
2017-03-24-8-10-29p.m.,1490357429077,8.0,3
2017-03-24-8-10-29p.m.,1490357429607,0.0,3
2017-03-24-8-10-32p.m.,1490357432670,8.0,3
2017-03-24-8-10-40p.m.,1490357440794,0.0,3
2017-03-24-8-10-41p.m.,1490357441994,8.0,3
2017-03-24-8-10-42p.m.,1490357442158,0.0,3
2017-03-24-8-10-42p.m.,1490357442979,8.0,3
2017-03-24-8-10-43p.m.,1490357443622,0.0,3
2017-03-24-8-10-43p.m.,1490357443726,8.0,3
2017-03-24-8-10-56p.m.,1490357456223,0.0,3
2017-03-24-8-10-56p.m.,1490357456536,8.0,3
2017-03-24-8-10-57p.m.,1490357457518,0.0,3
2017-03-24-8-10-57p.m.,1490357457971,8.0,3
2017-03-24-8-10-58p.m.,1490357458323,0.0,3
2017-03-24-8-10-58p.m.,1490357458732,8.0,3
2017-03-24-8-10-58p.m.,1490357458952,0.0,3
2017-03-24-8-11-02p.m.,1490357462856,8.0,3
2017-03-24-8-11-03p.m.,1490357463186,0.0,3
2017-03-24-8-11-03p.m.,1490357463314,8.0,3
2017-03-24-8-11-03p.m.,1490357463644,0.0,3
2017-03-24-8-11-04p.m.,1490357464240,8.0,3
2017-03-24-8-11-04p.m.,1490357464368,0.0,3
2017-03-24-8-11-04p.m.,1490357464507,8.0,3
2017-03-24-8-11-04p.m.,1490357464818,0.0,3
2017-03-24-8-11-04p.m.,1490357464896,8.0,3
2017-03-24-8-11-05p.m.,1490357465840,0.0,3
2017-03-24-8-11-11p.m.,1490357471473,8.0,3
2017-03-24-8-11-19p.m.,1490357479613,0.0,3
2017-03-24-8-11-19p.m.,1490357479646,8.0,3
2017-03-24-8-11-20p.m.,1490357480249,0.0,3
2017-03-24-8-11-24p.m.,1490357484602,8.0,3
2017-03-24-8-11-34p.m.,1490357494142,0.0,3
2017-03-24-8-11-34p.m.,1490357494186,8.0,3
2017-03-24-8-11-41p.m.,1490357501207,0.0,3
2017-03-24-8-11-41p.m.,1490357501363,8.0,3
2017-03-24-8-11-44p.m.,1490357504511,0.0,3
2017-03-24-8-11-44p.m.,1490357504560,8.0,3
2017-03-24-8-11-45p.m.,1490357505118,0.0,3
2017-03-24-8-11-45p.m.,1490357505660,8.0,3
2017-03-24-8-11-45p.m.,1490357505938,0.0,3
2017-03-24-8-11-46p.m.,1490357506011,8.0,3
2017-03-24-8-12-39p.m.,1490357559572,0.0,3
2017-03-24-8-12-44p.m.,1490357564384,8.0,3
2017-03-24-8-12-45p.m.,1490357565735,0.0,3
2017-03-24-8-13-07p.m.,1490357587620,8.0,3
2017-03-24-8-13-08p.m.,1490357588382,0.0,3
2017-03-24-8-13-12p.m.,1490357592241,8.0,3
2017-03-24-8-13-18p.m.,1490357598888,0.0,3
2017-03-24-8-13-20p.m.,1490357600988,8.0,3
2017-03-24-8-15-49p.m.,1490357749165,0.0,3
2017-03-24-8-15-49p.m.,1490357749304,8.0,3
2017-03-24-8-15-49p.m.,1490357749420,0.0,3
2017-03-24-8-15-50p.m.,1490357750089,8.0,3
2017-03-24-8-27-46p.m.,1490358466571,0.0,3
2017-03-24-8-27-49p.m.,1490358469860,8.0,3
